0 1.0003
0.004 1.00012
0.008 1.00001
0.012 1.00023
0.016 1.00034
0.02 1.00075
0.024 1.00141
0.028 1.00217
0.032 1.00348
0.036 1.00466
0.04 1.00649
0.044 1.00837
0.048 1.01003
0.052 1.0102
0.056 1.01068
0.06 1.01092
0.064 1.01168
0.068 1.01197
0.072 1.01159
0.076 1.01029
0.08 1.0097
0.084 1.0095
0.088 1.00936
0.092 1.00925
0.096 1.0094
0.1 1.00991
0.104 1.01095
0.108 1.01099
0.112 1.01179
0.116 1.01099
0.12 1.01045
0.124 1.0102
0.128 1.0101
0.132 1.0101
0.136 1.01013
0.14 1.01008
0.144 1.01009
0.148 1.01007
0.152 1.01015
0.156 1.01028
0.16 1.01058
0.164 1.01055
0.168 1.01039
0.172 1.01033
0.176 1.01028
0.18 1.01015
0.184 1.01013
0.188 1.01016
0.192 1.01012
0.196 1.01021
0.2 1.01029
0.204 1.01037
0.208 1.0104
0.212 1.0103
0.216 1.01024
0.22 1.0102
0.224 1.01015
0.228 1.01012
0.232 1.01014
0.236 1.01013
0.24 1.01017
0.244 1.0102
0.248 1.01021
0.252 1.01018
0.256 1.01014
0.26 1.01011
0.264 1.01016
0.268 1.01015
0.272 1.01019
0.276 1.01019
0.28 1.01018
0.284 1.01015
0.288 1.01014
0.292 1.01014
0.296 1.01012
0.3 1.01014
0.304 1.01012
0.308 1.01014
0.312 1.0101
0.316 1.01012
0.32 1.01012
0.324 1.0101
0.328 1.01011
0.332 1.01011
0.336 1.01012
0.34 1.01013
0.344 1.01011
0.348 1.01009
0.352 1.01007
0.356 1.01009
0.36 1.01007
0.364 1.01008
0.368 1.01007
0.372 1.01006
0.376 1.01007
0.38 1.01007
0.384 1.01007
0.388 1.01008
0.392 1.01009
0.396 1.01008
0.4 1.01008
0.404 1.01006
0.408 1.01006
0.412 1.01007
0.416 1.01007
0.42 1.01007
0.424 1.01005
0.428 1.01005
0.432 1.01006
0.436 1.01005
0.44 1.01005
0.444 1.01006
0.448 1.01005
0.452 1.01004
0.456 1.01004
0.46 1.01006
0.464 1.01004
0.468 1.01004
0.472 1.01003
0.476 1.01004
0.48 1.01006
0.484 1.01005
0.488 1.01004
0.492 1.01004
0.496 1.01003
0.5 1.01005
0.504 1.01005
0.508 1.01003
0.512 1.01003
0.516 1.01003
0.52 1.01005
0.524 1.01004
0.528 1.01003
0.532 1.01004
0.536 1.01004
0.54 1.01004
0.544 1.01002
0.548 1.01002
0.552 1.01002
0.556 1.01002
0.56 1.01002
0.564 1.01002
0.568 1.01004
0.572 1.01003
0.576 1.01002
0.58 1.01003
0.584 1.01003
0.588 1.01003
0.592 1.01002
0.596 1.01003
0.6 1.01003
0.604 1.01002
0.608 1.01003
0.612 1.01002
0.616 1.01002
0.62 1.01003
0.624 1.01004
0.628 1.01003
0.632 1.01003
0.636 1.01003
0.64 1.01003
0.644 1.01003
0.648 1.01002
0.652 1.01002
0.656 1.01002
0.66 1.01002
0.664 1.01003
0.668 1.01001
0.672 1.01002
0.676 1.01001
0.68 1.01001
0.684 1.01002
0.688 1.01003
0.692 1.01002
0.696 1.01003
0.7 1.01002
0.704 1.01001
0.708 1.01001
0.712 1.01002
0.716 1.01001
0.72 1.01002
0.724 1.01001
0.728 1.01001
0.732 1.01001
0.736 1.01001
0.74 1.01001
0.744 1.01
0.748 1.01001
0.752 1.01
0.756 1.01002
0.76 1.01002
0.764 1.01
0.768 1.01001
0.772 1.01002
0.776 1.01002
0.78 1.01
0.784 1.01002
0.788 1.01001
0.792 1.01001
0.796 1.01001
0.8 1.01
0.804 1.01002
0.808 1.01001
0.812 1.01002
0.816 1.01002
0.82 1.01001
0.824 1.01
0.828 1.01002
0.832 1.01
0.836 1.01001
0.84 1.01
0.844 1.01002
0.848 1.01001
0.852 1.01001
0.856 1.01
0.86 1.01002
0.864 1.01001
0.868 1.01002
0.872 1.01
0.876 1.01002
0.88 1.01
0.884 1.01
0.888 1.01001
0.892 1.01001
0.896 1.01001
0.9 1.01002
0.904 1.01001
0.908 1.01001
0.912 1.01001
0.916 1.01001
0.92 1.01001
0.924 1.01002
0.928 1.01001
0.932 1.01001
0.936 1.01
0.94 1.01001
0.944 1.01
0.948 1.01001
0.952 1.01001
0.956 1.01
0.96 1.01001
0.964 1.01001
0.968 1.01
0.972 1.01001
0.976 1.01
0.98 1.01
0.984 1.01
0.988 1.01
0.992 1.01
0.996 1.01
1 1.01
1.004 1.01001
1.008 1.01001
1.012 1.01
1.016 1.01001
1.02 1.01
1.024 1.01
1.028 1.01001
1.032 1.01
1.036 1.01001
1.04 1.01
1.044 1.01
1.048 1.00999
1.052 1.00999
1.056 1.00999
1.06 1.01
1.064 1.01
1.068 1.01
1.072 1.01
1.076 1.01
1.08 1.01
1.084 1.01001
1.088 1.01
1.092 1.01
1.096 1.01001
1.1 1.01
1.104 1.01001
1.108 1.01
1.112 1.01
1.116 1.01001
1.12 1.01001
1.124 1.01
1.128 1.00999
1.132 1.01001
1.136 1.01001
1.14 1.01001
1.144 1.00999
1.148 1.01001
1.152 1.00999
1.156 1.00999
1.16 1.00999
1.164 1.00999
1.168 1.00999
1.172 1.01
1.176 1.01
1.18 1.01001
1.184 1.01
1.188 1.01001
1.192 1.01
1.196 1.01001
1.2 1.01
1.204 1.01001
1.208 1.01
1.212 1.01
1.216 1.00999
1.22 1.00999
1.224 1.01001
1.228 1.01001
1.232 1.01
1.236 1.01
1.24 1.01
1.244 1.01
1.248 1.01
1.252 1.01
1.256 1.00999
1.26 1.01
1.264 1.00999
1.268 1.01
1.272 1.00999
1.276 1.01
1.28 1.01
1.284 1.00999
1.288 1.01001
1.292 1.00999
1.296 1.01001
1.3 1.00999
1.304 1.01001
1.308 1.00999
1.312 1.00999
1.316 1.00999
1.32 1.01
1.324 1.01
1.328 1.00999
1.332 1.01
1.336 1.00999
1.34 1.01
1.344 1.01
1.348 1.00999
1.352 1.01
1.356 1.01
1.36 1.00999
1.364 1.00999
1.368 1.01001
1.372 1.00999
1.376 1.01
1.38 1.00999
1.384 1.01001
1.388 1.01
1.392 1.01
1.396 1.01
1.4 1.01001
1.404 1.00999
1.408 1.01
1.412 1.01
1.416 1.00999
1.42 1.01
1.424 1.00999
1.428 1.01
1.432 1.01
1.436 1.00999
1.44 1.00999
1.444 1.01
1.448 1.01
1.452 1.01
1.456 1.01
1.46 1.01
1.464 1.01001
1.468 1.00999
1.472 1.00999
1.476 1.01
1.48 1.00999
1.484 1.00999
1.488 1.01001
1.492 1.01
1.496 1.00999
1.5 1.00999
1.504 1.01
1.508 1.01
1.512 1.00999
1.516 1.01
1.52 1.01
1.524 1.01
1.528 1.00999
1.532 1.00999
1.536 1.01
1.54 1.01
1.544 1.00999
1.548 1.00999
1.552 1.01
1.556 1.01
1.56 1.00999
1.564 1.01
1.568 1.01
1.572 1.01
1.576 1.01
1.58 1.00999
1.584 1.00999
1.588 1.00999
1.592 1.00999
1.596 1.01
1.6 1.00999
1.604 1.00999
1.608 1.01
1.612 1.00999
1.616 1.01
1.62 1.00999
1.624 1.01
1.628 1.00999
1.632 1.00999
1.636 1.01
1.64 1.01
1.644 1.00999
1.648 1.00999
1.652 1.00999
1.656 1.00999
1.66 1.01
1.664 1.01
1.668 1.01
1.672 1.00999
1.676 1.01
1.68 1.01
1.684 1.01
1.688 1.01
1.692 1.00999
1.696 1.01
1.7 1.01
1.704 1.00999
1.708 1.00999
1.712 1.01
1.716 1.01
1.72 1.01
1.724 1.00999
1.728 1.00999
1.732 1.00999
1.736 1.01
1.74 1.01
1.744 1.00999
1.748 1.00999
1.752 1.01
1.756 1.00999
1.76 1.01
1.764 1.00999
1.768 1.01
1.772 1.00999
1.776 1.00999
1.78 1.01
1.784 1.01
1.788 1.01
1.792 1.01
1.796 1.01
1.8 1.01
1.804 1.00998
1.808 1.00998
1.812 1.00999
1.816 1.01
1.82 1.00998
1.824 1.00999
1.828 1.00999
1.832 1.01
1.836 1.00999
1.84 1.00999
1.844 1.01
1.848 1.01
1.852 1.00999
1.856 1.00999
1.86 1.00999
1.864 1.00999
1.868 1.00999
1.872 1.01
1.876 1.01
1.88 1.00999
1.884 1.00999
1.888 1.01
1.892 1.00999
1.896 1.01
1.9 1.00999
1.904 1.01
1.908 1.01
1.912 1.00999
1.916 1.00999
1.92 1.01
1.924 1.01
1.928 1.01
1.932 1.01
1.936 1.01
1.94 1.00998
1.944 1.00998
1.948 1.00999
1.952 1.00999
1.956 1.01
1.96 1.00999
1.964 1.01
1.968 1.00999
1.972 1.00998
1.976 1.00999
1.98 1.00999
1.984 1.01
1.988 1.01
1.992 1.01
1.996 1.00999
2 1.01
2.004 1.01
2.008 1.01
2.012 1.01
2.016 1.01
2.02 1.01
2.024 1.00999
2.028 1.00999
2.032 1.00999
2.036 1.00998
2.04 1.00999
2.044 1.00999
2.048 1.01
2.052 1.00999
2.056 1.00999
2.06 1.00998
2.064 1.01
2.068 1.01
2.072 1.01
2.076 1.00998
2.08 1.01
2.084 1.00999
2.088 1.00999
2.092 1.01
2.096 1.00999
2.1 1.00999
2.104 1.01
2.108 1.01
2.112 1.00999
2.116 1.01
2.12 1.00999
2.124 1.00999
2.128 1.00998
2.132 1.01
2.136 1.01
2.14 1.01
2.144 1.00998
2.148 1.00999
2.152 1.00999
2.156 1.00999
2.16 1.01
2.164 1.00999
2.168 1.01
2.172 1.00999
2.176 1.01
2.18 1.00999
2.184 1.00999
2.188 1.01
2.192 1.01
2.196 1.00999
2.2 1.00999
2.204 1.00999
2.208 1.00999
2.212 1.00999
2.216 1.00999
2.22 1.00999
2.224 1.01
2.228 1.00999
2.232 1.00999
2.236 1.01
2.24 1.00999
2.244 1.01
2.248 1.00999
2.252 1.00998
2.256 1.01
2.26 1.00999
2.264 1.00999
2.268 1.00999
2.272 1.00998
2.276 1.00999
2.28 1.00999
2.284 1.00999
2.288 1.00999
2.292 1.01
2.296 1.00999
2.3 1.00999
2.304 1.01
2.308 1.00999
2.312 1.01
2.316 1.00999
2.32 1.01
2.324 1.00999
2.328 1.00999
2.332 1.01
2.336 1.01
2.34 1.00999
2.344 1.00999
2.348 1.00999
2.352 1.00999
2.356 1.00999
2.36 1.01
2.364 1.00998
2.368 1.00999
2.372 1.00999
2.376 1.01
2.38 1.00999
2.384 1.00998
2.388 1.00999
2.392 1.00999
2.396 1.00999
2.4 1.01
2.404 1.01
2.408 1.01
2.412 1.01
2.416 1.01
2.42 1.00998
2.424 1.00998
2.428 1.00999
2.432 1.00999
2.436 1.01
2.44 1.00999
2.444 1.01
2.448 1.01
2.452 1.00999
2.456 1.01
2.46 1.01
2.464 1.00999
2.468 1.00999
2.472 1.00999
2.476 1.00999
2.48 1.00999
2.484 1.01
2.488 1.00998
2.492 1.00999
2.496 1.00999
2.5 1.00999
2.504 1.01
2.508 1.00999
2.512 1.01
2.516 1.01
2.52 1.00999
2.524 1.00999
2.528 1.01
2.532 1.00998
2.536 1.01
2.54 1.01
2.544 1.00998
2.548 1.00998
2.552 1.00999
2.556 1.00999
2.56 1.01
2.564 1.00999
2.568 1.01
2.572 1.00999
2.576 1.01
2.58 1.00999
2.584 1.00998
2.588 1.00999
2.592 1.00999
2.596 1.00999
2.6 1.00999
2.604 1.00999
2.608 1.00999
2.612 1.00999
2.616 1.01
2.62 1.00998
2.624 1.00999
2.628 1.00999
2.632 1.00999
2.636 1.00999
2.64 1.00999
2.644 1.01
2.648 1.00999
2.652 1.00999
2.656 1.00998
2.66 1.01
2.664 1.01
2.668 1.00998
2.672 1.01
2.676 1.00998
2.68 1.00999
2.684 1.00999
2.688 1.01
2.692 1.00999
2.696 1.00999
2.7 1.00998
2.704 1.00999
2.708 1.00999
2.712 1.01
2.716 1.01
2.72 1.00999
2.724 1.00999
2.728 1.00999
2.732 1.00999
2.736 1.00999
2.74 1.00999
2.744 1.00999
2.748 1.01
2.752 1.00999
2.756 1.00999
2.76 1.00998
2.764 1.00999
2.768 1.00998
2.772 1.00999
2.776 1.00999
2.78 1.00999
2.784 1.00998
2.788 1.00998
2.792 1.00998
2.796 1.00998
2.8 1.00999
2.804 1.00999
2.808 1.01
2.812 1.00999
2.816 1.01
2.82 1.00999
2.824 1.01
2.828 1.00999
2.832 1.00998
2.836 1.00999
2.84 1.00999
2.844 1.00999
2.848 1.00999
2.852 1.00999
2.856 1.00999
2.86 1.01
2.864 1.00998
2.868 1.00999
2.872 1.00999
2.876 1.01
2.88 1.00999
2.884 1.00998
2.888 1.00999
2.892 1.00999
2.896 1.00998
2.9 1.01
2.904 1.01
2.908 1.00999
2.912 1.00999
2.916 1.01
2.92 1.01
2.924 1.00998
2.928 1.00998
2.932 1.00999
2.936 1.01
2.94 1.00999
2.944 1.01
2.948 1.00999
2.952 1.00998
2.956 1.01
2.96 1.00999
2.964 1.00999
2.968 1.00998
2.972 1.00998
2.976 1.00998
2.98 1.00999
2.984 1.00999
2.988 1.01
2.992 1.00999
2.996 1.00999