0 1.0003
0.0008 1.00026
0.0016 1.0002
0.0024 1.00011
0.0032 1.00006
0.004 1.00016
0.0048 1.00027
0.0056 1.00034
0.0064 1.00039
0.0072 1.00037
0.008 1.00033
0.0088 1.00035
0.0096 1.00045
0.0104 1.00051
0.0112 1.00049
0.012 1.00046
0.0128 1.00053
0.0136 1.0006
0.0144 1.00066
0.0152 1.00069
0.016 1.00066
0.0168 1.00057
0.0176 1.0006
0.0184 1.00087
0.0192 1.00114
0.02 1.00121
0.0208 1.00108
0.0216 1.00093
0.0224 1.00083
0.0232 1.001
0.024 1.00125
0.0248 1.00141
0.0256 1.00147
0.0264 1.00147
0.0272 1.00161
0.028 1.00185
0.0288 1.00216
0.0296 1.00235
0.0304 1.00233
0.0312 1.0023
0.032 1.00233
0.0328 1.00258
0.0336 1.00276
0.0344 1.0029
0.0352 1.00312
0.036 1.00338
0.0368 1.00364
0.0376 1.00391
0.0384 1.004
0.0392 1.00402
0.04 1.00418
0.0408 1.00437
0.0416 1.00454
0.0424 1.00468
0.0432 1.00479
0.044 1.00513
0.0448 1.00571
0.0456 1.00617
0.0464 1.00629
0.0472 1.00635
0.048 1.00647
0.0488 1.00674
0.0496 1.00712
0.0504 1.00739
0.0512 1.00775
0.052 1.00817
0.0528 1.0087
0.0536 1.00916
0.0544 1.00942
0.0552 1.00969
0.056 1.01001
0.0568 1.01036
0.0576 1.01069
0.0584 1.011
0.0592 1.01144
0.06 1.01198
0.0608 1.0125
0.0616 1.01284
0.0624 1.01318
0.0632 1.01354
0.064 1.01401
0.0648 1.01451
0.0656 1.01496
0.0664 1.01553
0.0672 1.01614
0.068 1.01672
0.0688 1.01722
0.0696 1.01767
0.0704 1.01814
0.0712 1.01869
0.072 1.01918
0.0728 1.01966
0.0736 1.02026
0.0744 1.0209
0.0752 1.0215
0.076 1.02194
0.0768 1.02239
0.0776 1.02283
0.0784 1.02329
0.0792 1.0237
0.08 1.02407
0.0808 1.02445
0.0816 1.02483
0.0824 1.02513
0.0832 1.02527
0.084 1.02536
0.0848 1.02547
0.0856 1.02559
0.0864 1.02564
0.0872 1.02574
0.088 1.02595
0.0888 1.02606
0.0896 1.02602
0.0904 1.02601
0.0912 1.02599
0.092 1.02598
0.0928 1.02584
0.0936 1.02574
0.0944 1.02576
0.0952 1.02572
0.096 1.02557
0.0968 1.02531
0.0976 1.02514
0.0984 1.02502
0.0992 1.02485
0.1 1.02463
0.1008 1.02444
0.1016 1.02426
0.1024 1.02398
0.1032 1.02363
0.104 1.0233
0.1048 1.02305
0.1056 1.02273
0.1064 1.0224
0.1072 1.02216
0.108 1.02202
0.1088 1.02179
0.1096 1.02141
0.1104 1.021
0.1112 1.02066
0.112 1.02036
0.1128 1.02005
0.1136 1.01973
0.1144 1.01941
0.1152 1.01908
0.116 1.01871
0.1168 1.01827
0.1176 1.01784
0.1184 1.01745
0.1192 1.01708
0.12 1.01671
0.1208 1.01631
0.1216 1.01593
0.1224 1.01556
0.1232 1.01513
0.124 1.0146
0.1248 1.01412
0.1256 1.01373
0.1264 1.01324
0.1272 1.01269
0.128 1.01214
0.1288 1.01162
0.1296 1.01117
0.1304 1.01068
0.1312 1.01011
0.132 1.00957
0.1328 1.00914
0.1336 1.00873
0.1344 1.00818
0.1352 1.00757
0.136 1.00708
0.1368 1.00677
0.1376 1.00642
0.1384 1.00604
0.1392 1.00563
0.14 1.00529
0.1408 1.00507
0.1416 1.00487
0.1424 1.0046
0.1432 1.00436
0.144 1.00413
0.1448 1.00391
0.1456 1.00373
0.1464 1.00359
0.1472 1.00345
0.148 1.00333
0.1488 1.00322
0.1496 1.00311
0.1504 1.00302
0.1512 1.00292
0.152 1.0028
0.1528 1.00268
0.1536 1.00262
0.1544 1.00257
0.1552 1.00252
0.156 1.00246
0.1568 1.0024
0.1576 1.00231
0.1584 1.0022
0.1592 1.00212
0.16 1.00206
0.1608 1.00199
0.1616 1.00195
0.1624 1.00194
0.1632 1.0019
0.164 1.00186
0.1648 1.00185
0.1656 1.00184
0.1664 1.00184
0.1672 1.00182
0.168 1.00183
0.1688 1.00184
0.1696 1.00185
0.1704 1.00187
0.1712 1.00186
0.172 1.00189
0.1728 1.00189
0.1736 1.0019
0.1744 1.00193
0.1752 1.00196
0.176 1.00198
0.1768 1.00197
0.1776 1.00194
0.1784 1.00193
0.1792 1.00197
0.18 1.00201
0.1808 1.00205
0.1816 1.00208
0.1824 1.00213
0.1832 1.00219
0.184 1.00225
0.1848 1.00229
0.1856 1.00232
0.1864 1.00237
0.1872 1.00246
0.188 1.00255
0.1888 1.00261
0.1896 1.00265
0.1904 1.0027
0.1912 1.00275
0.192 1.00281
0.1928 1.00289
0.1936 1.00299
0.1944 1.00311
0.1952 1.00325
0.196 1.00335
0.1968 1.00342
0.1976 1.00348
0.1984 1.00357
0.1992 1.00369
0.2 1.00382
0.2008 1.0039
0.2016 1.00397
0.2024 1.00406
0.2032 1.00416
0.204 1.00426
0.2048 1.00434
0.2056 1.00443
0.2064 1.00454
0.2072 1.00468
0.208 1.00482
0.2088 1.00496
0.2096 1.00512
0.2104 1.00528
0.2112 1.00545
0.212 1.00561
0.2128 1.00577
0.2136 1.00591
0.2144 1.00605
0.2152 1.0062
0.216 1.00638
0.2168 1.00658
0.2176 1.00682
0.2184 1.00704
0.2192 1.00724
0.22 1.00746
0.2208 1.00765
0.2216 1.00783
0.2224 1.008
0.2232 1.00815
0.224 1.00831
0.2248 1.00847
0.2256 1.00865
0.2264 1.00885
0.2272 1.00908
0.228 1.0093
0.2288 1.00951
0.2296 1.00972
0.2304 1.00993
0.2312 1.01018
0.232 1.0104
0.2328 1.01057
0.2336 1.01068
0.2344 1.01079
0.2352 1.01094
0.236 1.01115
0.2368 1.01135
0.2376 1.01151
0.2384 1.01167
0.2392 1.01184
0.24 1.012
0.2408 1.01218
0.2416 1.01241
0.2424 1.01263
0.2432 1.01284
0.244 1.01302
0.2448 1.01315
0.2456 1.01324
0.2464 1.01331
0.2472 1.01337
0.248 1.0134
0.2488 1.01351
0.2496 1.01368
0.2504 1.01387
0.2512 1.01399
0.252 1.01407
0.2528 1.01416
0.2536 1.01425
0.2544 1.01435
0.2552 1.01446
0.256 1.0146
0.2568 1.0147
0.2576 1.01484
0.2584 1.01496
0.2592 1.01511
0.26 1.01519
0.2608 1.01524
0.2616 1.01528
0.2624 1.01537
0.2632 1.01548
0.264 1.01556
0.2648 1.01564
0.2656 1.01574
0.2664 1.0159
0.2672 1.01606
0.268 1.01614
0.2688 1.0162
0.2696 1.01628
0.2704 1.01628
0.2712 1.01628
0.272 1.01629
0.2728 1.01635
0.2736 1.01639
0.2744 1.01646
0.2752 1.01649
0.276 1.01653
0.2768 1.01656
0.2776 1.01658
0.2784 1.01654
0.2792 1.01647
0.28 1.0164
0.2808 1.01634
0.2816 1.01632
0.2824 1.01625
0.2832 1.01617
0.284 1.01607
0.2848 1.01597
0.2856 1.01591
0.2864 1.01582
0.2872 1.01568
0.288 1.01552
0.2888 1.0154
0.2896 1.01527
0.2904 1.01512
0.2912 1.01502
0.292 1.01493
0.2928 1.01484
0.2936 1.01476
0.2944 1.01469
0.2952 1.0146
0.296 1.01445
0.2968 1.0143
0.2976 1.01419
0.2984 1.01406
0.2992 1.01395
0.3 1.01385
0.3008 1.01376
0.3016 1.01365
0.3024 1.01347
0.3032 1.01333
0.304 1.01319
0.3048 1.01303
0.3056 1.01288
0.3064 1.01275
0.3072 1.0126
0.308 1.01244
0.3088 1.01227
0.3096 1.0121
0.3104 1.012
0.3112 1.01192
0.312 1.0118
0.3128 1.01163
0.3136 1.01144
0.3144 1.01127
0.3152 1.01114
0.316 1.011
0.3168 1.01088
0.3176 1.01079
0.3184 1.01072
0.3192 1.01067
0.32 1.0106
0.3208 1.01049
0.3216 1.01031
0.3224 1.01011
0.3232 1.00994
0.324 1.00978
0.3248 1.00962
0.3256 1.00951
0.3264 1.00938
0.3272 1.00923
0.328 1.00908
0.3288 1.00895
0.3296 1.00878
0.3304 1.00864
0.3312 1.00852
0.332 1.00843
0.3328 1.00832
0.3336 1.00821
0.3344 1.00813
0.3352 1.00802
0.336 1.00788
0.3368 1.00773
0.3376 1.00759
0.3384 1.0074
0.3392 1.00724
0.34 1.00713
0.3408 1.00707
0.3416 1.007
0.3424 1.0069
0.3432 1.00676
0.344 1.00662
0.3448 1.00652
0.3456 1.00645
0.3464 1.00636
0.3472 1.00628
0.348 1.00622
0.3488 1.00618
0.3496 1.00614
0.3504 1.00608
0.3512 1.00602
0.352 1.00595
0.3528 1.00591
0.3536 1.00588
0.3544 1.00587
0.3552 1.00585
0.356 1.00582
0.3568 1.00581
0.3576 1.00582
0.3584 1.00585
0.3592 1.00588
0.36 1.00591
0.3608 1.00595
0.3616 1.00603
0.3624 1.00609
0.3632 1.00613
0.364 1.00617
0.3648 1.00622
0.3656 1.00625
0.3664 1.00628
0.3672 1.00628
0.368 1.00632
0.3688 1.00639
0.3696 1.00643
0.3704 1.00643
0.3712 1.00642
0.372 1.00643
0.3728 1.00647
0.3736 1.00655
0.3744 1.00661
0.3752 1.00667
0.376 1.0067
0.3768 1.00672
0.3776 1.00674
0.3784 1.00675
0.3792 1.00677
0.38 1.00682
0.3808 1.00691
0.3816 1.00701
0.3824 1.00708
0.3832 1.00714
0.384 1.00721
0.3848 1.00732
0.3856 1.00745
0.3864 1.00757
0.3872 1.00766
0.388 1.00778
0.3888 1.0079
0.3896 1.00802
0.3904 1.00813
0.3912 1.00823
0.392 1.00832
0.3928 1.00841
0.3936 1.00851
0.3944 1.00861
0.3952 1.00871
0.396 1.00881
0.3968 1.00892
0.3976 1.00903
0.3984 1.00913
0.3992 1.00925
0.4 1.00939
0.4008 1.00952
0.4016 1.00964
0.4024 1.00975
0.4032 1.00987
0.404 1.00999
0.4048 1.0101
0.4056 1.01018
0.4064 1.01028
0.4072 1.01041
0.408 1.01055
0.4088 1.0107
0.4096 1.01081
0.4104 1.01092
0.4112 1.01103
0.412 1.01116
0.4128 1.01129
0.4136 1.01146
0.4144 1.01165
0.4152 1.01181
0.416 1.01192
0.4168 1.01201
0.4176 1.01215
0.4184 1.0123
0.4192 1.01243
0.42 1.0125
0.4208 1.01254
0.4216 1.01263
0.4224 1.01281
0.4232 1.01296
0.424 1.01307
0.4248 1.01313
0.4256 1.01318
0.4264 1.01328
0.4272 1.01336
0.428 1.01345
0.4288 1.01354
0.4296 1.01363
0.4304 1.01373
0.4312 1.01379
0.432 1.01382
0.4328 1.01383
0.4336 1.01386
0.4344 1.01391
0.4352 1.01396
0.436 1.01401
0.4368 1.01406
0.4376 1.01411
0.4384 1.01416
0.4392 1.0142
0.44 1.01422
0.4408 1.01425
0.4416 1.01427
0.4424 1.01428
0.4432 1.01428
0.444 1.01431
0.4448 1.01431
0.4456 1.01431
0.4464 1.0143
0.4472 1.0143
0.448 1.01432
0.4488 1.01432
0.4496 1.01428
0.4504 1.01423
0.4512 1.01419
0.452 1.01415
0.4528 1.01408
0.4536 1.01397
0.4544 1.01387
0.4552 1.0138
0.456 1.01373
0.4568 1.01366
0.4576 1.0136
0.4584 1.01352
0.4592 1.01343
0.46 1.01333
0.4608 1.0132
0.4616 1.01309
0.4624 1.013
0.4632 1.01291
0.464 1.01281
0.4648 1.01273
0.4656 1.01263
0.4664 1.01249
0.4672 1.01235
0.468 1.01221
0.4688 1.01206
0.4696 1.01191
0.4704 1.01177
0.4712 1.01162
0.472 1.01148
0.4728 1.01135
0.4736 1.01121
0.4744 1.01107
0.4752 1.01092
0.476 1.01079
0.4768 1.01064
0.4776 1.01049
0.4784 1.01035
0.4792 1.01025
0.48 1.01014
0.4808 1.01003
0.4816 1.00991
0.4824 1.00979
0.4832 1.00968
0.484 1.00959
0.4848 1.0095
0.4856 1.00938
0.4864 1.00927
0.4872 1.00916
0.488 1.00904
0.4888 1.00893
0.4896 1.00881
0.4904 1.00869
0.4912 1.00856
0.492 1.00845
0.4928 1.00836
0.4936 1.00827
0.4944 1.00816
0.4952 1.00805
0.496 1.00795
0.4968 1.00789
0.4976 1.00783
0.4984 1.00778
0.4992 1.00771
0.5 1.00762
0.5008 1.00752
0.5016 1.00741
0.5024 1.00731
0.5032 1.0072
0.504 1.0071
0.5048 1.00703
0.5056 1.00696
0.5064 1.00687
0.5072 1.0068
0.508 1.00675
0.5088 1.0067
0.5096 1.00667
0.5104 1.00664
0.5112 1.00662
0.512 1.0066
0.5128 1.00658
0.5136 1.00655
0.5144 1.00653
0.5152 1.00651
0.516 1.0065
0.5168 1.00649
0.5176 1.00647
0.5184 1.00648
0.5192 1.00651
0.52 1.00652
0.5208 1.00654
0.5216 1.00658
0.5224 1.00664
0.5232 1.0067
0.524 1.00675
0.5248 1.00681
0.5256 1.00687
0.5264 1.00692
0.5272 1.00698
0.528 1.00703
0.5288 1.00709
0.5296 1.00715
0.5304 1.00722
0.5312 1.00727
0.532 1.00732
0.5328 1.00737
0.5336 1.00742
0.5344 1.00749
0.5352 1.00759
0.536 1.00769
0.5368 1.00779
0.5376 1.00786
0.5384 1.00795
0.5392 1.00804
0.54 1.00814
0.5408 1.00824
0.5416 1.00835
0.5424 1.00844
0.5432 1.00854
0.544 1.00864
0.5448 1.00876
0.5456 1.00887
0.5464 1.00898
0.5472 1.0091
0.548 1.00923
0.5488 1.00937
0.5496 1.0095
0.5504 1.00963
0.5512 1.00976
0.552 1.0099
0.5528 1.01004
0.5536 1.01017
0.5544 1.01027
0.5552 1.01036
0.556 1.01045
0.5568 1.01055
0.5576 1.01068
0.5584 1.01082
0.5592 1.01094
0.56 1.01105
0.5608 1.01115
0.5616 1.01124
0.5624 1.01136
0.5632 1.01148
0.564 1.0116
0.5648 1.01172
0.5656 1.01183
0.5664 1.01195
0.5672 1.01207
0.568 1.0122
0.5688 1.01231
0.5696 1.01243
0.5704 1.01254
0.5712 1.01266
0.572 1.01277
0.5728 1.01287
0.5736 1.01295
0.5744 1.01303
0.5752 1.01309
0.576 1.01316
0.5768 1.01321
0.5776 1.01328
0.5784 1.01335
0.5792 1.01342
0.58 1.01349
0.5808 1.01355
0.5816 1.01359
0.5824 1.01362
0.5832 1.01365
0.584 1.01371
0.5848 1.01375
0.5856 1.01379
0.5864 1.01381
0.5872 1.0138
0.588 1.01377
0.5888 1.01377
0.5896 1.01376
0.5904 1.01375
0.5912 1.01372
0.592 1.0137
0.5928 1.01368
0.5936 1.01368
0.5944 1.01368
0.5952 1.01366
0.596 1.01365
0.5968 1.01363
0.5976 1.01361
0.5984 1.01358
0.5992 1.01354
0.6 1.0135
0.6008 1.01345
0.6016 1.0134
0.6024 1.01333
0.6032 1.01326
0.604 1.01319
0.6048 1.01311
0.6056 1.01304
0.6064 1.01297
0.6072 1.0129
0.608 1.01284
0.6088 1.01278
0.6096 1.0127
0.6104 1.01261
0.6112 1.01251
0.612 1.0124
0.6128 1.01228
0.6136 1.01216
0.6144 1.01205
0.6152 1.01193
0.616 1.01182
0.6168 1.0117
0.6176 1.01158
0.6184 1.01146
0.6192 1.01134
0.62 1.01123
0.6208 1.01111
0.6216 1.01098
0.6224 1.01085
0.6232 1.01071
0.624 1.01058
0.6248 1.01046
0.6256 1.01033
0.6264 1.0102
0.6272 1.01007
0.628 1.00994
0.6288 1.00981
0.6296 1.00968
0.6304 1.00955
0.6312 1.00942
0.632 1.0093
0.6328 1.0092
0.6336 1.00909
0.6344 1.009
0.6352 1.00891
0.636 1.00881
0.6368 1.0087
0.6376 1.00859
0.6384 1.00849
0.6392 1.00839
0.64 1.00829
0.6408 1.00819
0.6416 1.0081
0.6424 1.00801
0.6432 1.00794
0.644 1.00788
0.6448 1.00782
0.6456 1.00778
0.6464 1.00774
0.6472 1.00767
0.648 1.00761
0.6488 1.00754
0.6496 1.00749
0.6504 1.00743
0.6512 1.00737
0.652 1.0073
0.6528 1.00724
0.6536 1.00719
0.6544 1.00714
0.6552 1.00709
0.656 1.00705
0.6568 1.00701
0.6576 1.00697
0.6584 1.00695
0.6592 1.00694
0.66 1.00694
0.6608 1.00695
0.6616 1.00695
0.6624 1.00694
0.6632 1.00692
0.664 1.0069
0.6648 1.00689
0.6656 1.00689
0.6664 1.00689
0.6672 1.0069
0.668 1.00692
0.6688 1.00695
0.6696 1.00699
0.6704 1.00703
0.6712 1.00706
0.672 1.00711
0.6728 1.00717
0.6736 1.00723
0.6744 1.00729
0.6752 1.00734
0.676 1.0074
0.6768 1.00746
0.6776 1.00753
0.6784 1.00761
0.6792 1.00768
0.68 1.00777
0.6808 1.00785
0.6816 1.00794
0.6824 1.00803
0.6832 1.00812
0.684 1.00821
0.6848 1.00831
0.6856 1.00841
0.6864 1.00852
0.6872 1.00863
0.688 1.00876
0.6888 1.00888
0.6896 1.00901
0.6904 1.00915
0.6912 1.00929
0.692 1.00941
0.6928 1.00953
0.6936 1.00966
0.6944 1.00979
0.6952 1.00992
0.696 1.01005
0.6968 1.01017
0.6976 1.01029
0.6984 1.01041
0.6992 1.01053
0.7 1.01066
0.7008 1.01077
0.7016 1.01088
0.7024 1.011
0.7032 1.01111
0.704 1.01122
0.7048 1.01133
0.7056 1.01143
0.7064 1.01153
0.7072 1.01164
0.708 1.01176
0.7088 1.01186
0.7096 1.01197
0.7104 1.01206
0.7112 1.01216
0.712 1.01226
0.7128 1.01236
0.7136 1.01245
0.7144 1.01253
0.7152 1.01261
0.716 1.01268
0.7168 1.01274
0.7176 1.01279
0.7184 1.01283
0.7192 1.01288
0.72 1.01292
0.7208 1.01295
0.7216 1.01299
0.7224 1.01302
0.7232 1.01305
0.724 1.01308
0.7248 1.01311
0.7256 1.01315
0.7264 1.01319
0.7272 1.01322
0.728 1.01324
0.7288 1.01326
0.7296 1.01327
0.7304 1.01328
0.7312 1.0133
0.732 1.01332
0.7328 1.01332
0.7336 1.01332
0.7344 1.01331
0.7352 1.01332
0.736 1.01332
0.7368 1.01331
0.7376 1.0133
0.7384 1.01328
0.7392 1.01325
0.74 1.01323
0.7408 1.01319
0.7416 1.01314
0.7424 1.01309
0.7432 1.01304
0.744 1.01299
0.7448 1.01294
0.7456 1.01289
0.7464 1.01284
0.7472 1.0128
0.748 1.01275
0.7488 1.01269
0.7496 1.01262
0.7504 1.01254
0.7512 1.01246
0.752 1.01238
0.7528 1.0123
0.7536 1.01223
0.7544 1.01214
0.7552 1.01204
0.756 1.01194
0.7568 1.01182
0.7576 1.0117
0.7584 1.01159
0.7592 1.01148
0.76 1.01136
0.7608 1.01123
0.7616 1.0111
0.7624 1.01098
0.7632 1.01088
0.764 1.01077
0.7648 1.01066
0.7656 1.01056
0.7664 1.01046
0.7672 1.01036
0.768 1.01025
0.7688 1.01015
0.7696 1.01005
0.7704 1.00995
0.7712 1.00986
0.772 1.00977
0.7728 1.00969
0.7736 1.00959
0.7744 1.00949
0.7752 1.00938
0.776 1.00927
0.7768 1.00916
0.7776 1.00906
0.7784 1.00896
0.7792 1.00886
0.78 1.00876
0.7808 1.00866
0.7816 1.00856
0.7824 1.00847
0.7832 1.00839
0.784 1.00832
0.7848 1.00825
0.7856 1.00818
0.7864 1.00812
0.7872 1.00807
0.788 1.00803
0.7888 1.00799
0.7896 1.00794
0.7904 1.0079
0.7912 1.00786
0.792 1.00782
0.7928 1.0078
0.7936 1.00777
0.7944 1.00773
0.7952 1.00771
0.796 1.00768
0.7968 1.00766
0.7976 1.00763
0.7984 1.0076
0.7992 1.00757
0.8 1.00753
0.8008 1.0075
0.8016 1.00747
0.8024 1.00745
0.8032 1.00743
0.804 1.00741
0.8048 1.00741
0.8056 1.0074
0.8064 1.0074
0.8072 1.0074
0.808 1.0074
0.8088 1.00741
0.8096 1.00743
0.8104 1.00746
0.8112 1.00749
0.812 1.00751
0.8128 1.00753
0.8136 1.00757
0.8144 1.0076
0.8152 1.00765
0.816 1.0077
0.8168 1.00776
0.8176 1.0078
0.8184 1.00785
0.8192 1.00791
0.82 1.00796
0.8208 1.00802
0.8216 1.00808
0.8224 1.00813
0.8232 1.0082
0.824 1.00826
0.8248 1.00833
0.8256 1.00841
0.8264 1.0085
0.8272 1.0086
0.828 1.0087
0.8288 1.0088
0.8296 1.0089
0.8304 1.009
0.8312 1.00911
0.832 1.00922
0.8328 1.00933
0.8336 1.00944
0.8344 1.00956
0.8352 1.00968
0.836 1.0098
0.8368 1.00991
0.8376 1.01002
0.8384 1.01013
0.8392 1.01024
0.84 1.01035
0.8408 1.01046
0.8416 1.01057
0.8424 1.01067
0.8432 1.01076
0.844 1.01086
0.8448 1.01096
0.8456 1.01105
0.8464 1.01115
0.8472 1.01124
0.848 1.01133
0.8488 1.01143
0.8496 1.01152
0.8504 1.01161
0.8512 1.01169
0.852 1.01177
0.8528 1.01185
0.8536 1.01193
0.8544 1.01201
0.8552 1.01209
0.856 1.01217
0.8568 1.01224
0.8576 1.01231
0.8584 1.01237
0.8592 1.01243
0.86 1.01249
0.8608 1.01254
0.8616 1.0126
0.8624 1.01265
0.8632 1.01269
0.864 1.01273
0.8648 1.01276
0.8656 1.01278
0.8664 1.01281
0.8672 1.01283
0.868 1.01285
0.8688 1.01287
0.8696 1.01288
0.8704 1.01289
0.8712 1.01291
0.872 1.01292
0.8728 1.01293
0.8736 1.01294
0.8744 1.01295
0.8752 1.01296
0.876 1.01296
0.8768 1.01296
0.8776 1.01296
0.8784 1.01296
0.8792 1.01296
0.88 1.01295
0.8808 1.01293
0.8816 1.01291
0.8824 1.01288
0.8832 1.01285
0.884 1.01283
0.8848 1.01279
0.8856 1.01275
0.8864 1.01272
0.8872 1.01269
0.888 1.01265
0.8888 1.01261
0.8896 1.01256
0.8904 1.0125
0.8912 1.01243
0.892 1.01237
0.8928 1.0123
0.8936 1.01223
0.8944 1.01216
0.8952 1.01207
0.896 1.01198
0.8968 1.01188
0.8976 1.01179
0.8984 1.01168
0.8992 1.01158
0.9 1.01148
0.9008 1.01137
0.9016 1.01126
0.9024 1.01114
0.9032 1.01103
0.904 1.01091
0.9048 1.0108
0.9056 1.0107
0.9064 1.01059
0.9072 1.01049
0.908 1.01039
0.9088 1.01029
0.9096 1.01019
0.9104 1.01009
0.9112 1.00999
0.912 1.00988
0.9128 1.00977
0.9136 1.00966
0.9144 1.00955
0.9152 1.00945
0.916 1.00934
0.9168 1.00925
0.9176 1.00916
0.9184 1.00908
0.9192 1.009
0.92 1.00893
0.9208 1.00885
0.9216 1.00878
0.9224 1.00871
0.9232 1.00864
0.924 1.00857
0.9248 1.0085
0.9256 1.00844
0.9264 1.00837
0.9272 1.00831
0.928 1.00826
0.9288 1.00821
0.9296 1.00816
0.9304 1.00811
0.9312 1.00806
0.932 1.00802
0.9328 1.00798
0.9336 1.00794
0.9344 1.00791
0.9352 1.00788
0.936 1.00784
0.9368 1.00781
0.9376 1.00778
0.9384 1.00776
0.9392 1.00773
0.94 1.00771
0.9408 1.0077
0.9416 1.00768
0.9424 1.00767
0.9432 1.00766
0.944 1.00766
0.9448 1.00765
0.9456 1.00765
0.9464 1.00765
0.9472 1.00764
0.948 1.00764
0.9488 1.00764
0.9496 1.00765
0.9504 1.00766
0.9512 1.00767
0.952 1.0077
0.9528 1.00772
0.9536 1.00775
0.9544 1.00777
0.9552 1.0078
0.956 1.00783
0.9568 1.00787
0.9576 1.00791
0.9584 1.00795
0.9592 1.00799
0.96 1.00803
0.9608 1.00808
0.9616 1.00813
0.9624 1.00819
0.9632 1.00825
0.964 1.00831
0.9648 1.00837
0.9656 1.00844
0.9664 1.00852
0.9672 1.00861
0.968 1.0087
0.9688 1.00878
0.9696 1.00887
0.9704 1.00895
0.9712 1.00904
0.972 1.00914
0.9728 1.00923
0.9736 1.00932
0.9744 1.00942
0.9752 1.00952
0.976 1.00963
0.9768 1.00975
0.9776 1.00986
0.9784 1.00998
0.9792 1.01009
0.98 1.0102
0.9808 1.01031
0.9816 1.01041
0.9824 1.01051
0.9832 1.01061
0.984 1.0107
0.9848 1.01079
0.9856 1.01088
0.9864 1.01098
0.9872 1.01108
0.988 1.01117
0.9888 1.01127
0.9896 1.01135
0.9904 1.01144
0.9912 1.01153
0.992 1.0116
0.9928 1.01168
0.9936 1.01175
0.9944 1.01182
0.9952 1.01188
0.996 1.01194
0.9968 1.012
0.9976 1.01207
0.9984 1.01214
0.9992 1.01221
1 1.01227
1.0008 1.01234
1.0016 1.01239
1.0024 1.01245
1.0032 1.0125
1.004 1.01254
1.0048 1.01258
1.0056 1.01261
1.0064 1.01264
1.0072 1.01266
1.008 1.01269
1.0088 1.01273
1.0096 1.01276
1.0104 1.01278
1.0112 1.01281
1.012 1.01283
1.0128 1.01286
1.0136 1.01288
1.0144 1.0129
1.0152 1.01291
1.016 1.01292
1.0168 1.01293
1.0176 1.01294
1.0184 1.01294
1.0192 1.01294
1.02 1.01293
1.0208 1.01292
1.0216 1.01289
1.0224 1.01287
1.0232 1.01283
1.024 1.01279
1.0248 1.01275
1.0256 1.01271
1.0264 1.01267
1.0272 1.01262
1.028 1.01257
1.0288 1.0125
1.0296 1.01243
1.0304 1.01237
1.0312 1.01231
1.032 1.01224
1.0328 1.01217
1.0336 1.01209
1.0344 1.01201
1.0352 1.01194
1.036 1.01186
1.0368 1.01178
1.0376 1.0117
1.0384 1.01161
1.0392 1.01153
1.04 1.01144
1.0408 1.01135
1.0416 1.01126
1.0424 1.01117
1.0432 1.01108
1.044 1.01098
1.0448 1.01089
1.0456 1.01078
1.0464 1.01068
1.0472 1.01057
1.048 1.01047
1.0488 1.01036
1.0496 1.01026
1.0504 1.01015
1.0512 1.01005
1.052 1.00995
1.0528 1.00984
1.0536 1.00974
1.0544 1.00964
1.0552 1.00955
1.056 1.00945
1.0568 1.00937
1.0576 1.00928
1.0584 1.0092
1.0592 1.00912
1.06 1.00904
1.0608 1.00896
1.0616 1.00889
1.0624 1.00881
1.0632 1.00874
1.064 1.00867
1.0648 1.00862
1.0656 1.00856
1.0664 1.0085
1.0672 1.00844
1.068 1.0084
1.0688 1.00835
1.0696 1.0083
1.0704 1.00825
1.0712 1.00821
1.072 1.00818
1.0728 1.00814
1.0736 1.00811
1.0744 1.00808
1.0752 1.00805
1.076 1.00802
1.0768 1.00801
1.0776 1.00799
1.0784 1.00797
1.0792 1.00795
1.08 1.00793
1.0808 1.0079
1.0816 1.00788
1.0824 1.00786
1.0832 1.00784
1.084 1.00782
1.0848 1.0078
1.0856 1.00779
1.0864 1.00778
1.0872 1.00777
1.088 1.00776
1.0888 1.00776
1.0896 1.00776
1.0904 1.00776
1.0912 1.00778
1.092 1.00779
1.0928 1.00781
1.0936 1.00783
1.0944 1.00786
1.0952 1.00789
1.096 1.00793
1.0968 1.00798
1.0976 1.00802
1.0984 1.00807
1.0992 1.00811
1.1 1.00817
1.1008 1.00823
1.1016 1.00829
1.1024 1.00835
1.1032 1.00842
1.104 1.00849
1.1048 1.00856
1.1056 1.00863
1.1064 1.0087
1.1072 1.00878
1.108 1.00885
1.1088 1.00892
1.1096 1.009
1.1104 1.00909
1.1112 1.00917
1.112 1.00926
1.1128 1.00935
1.1136 1.00944
1.1144 1.00954
1.1152 1.00963
1.116 1.00973
1.1168 1.00982
1.1176 1.00992
1.1184 1.01001
1.1192 1.0101
1.12 1.01019
1.1208 1.01029
1.1216 1.01038
1.1224 1.01047
1.1232 1.01057
1.124 1.01066
1.1248 1.01075
1.1256 1.01083
1.1264 1.01092
1.1272 1.011
1.128 1.01109
1.1288 1.01117
1.1296 1.01125
1.1304 1.01133
1.1312 1.0114
1.132 1.01148
1.1328 1.01155
1.1336 1.01162
1.1344 1.01169
1.1352 1.01176
1.136 1.01182
1.1368 1.01188
1.1376 1.01194
1.1384 1.01199
1.1392 1.01204
1.14 1.01208
1.1408 1.01213
1.1416 1.01216
1.1424 1.0122
1.1432 1.01223
1.144 1.01227
1.1448 1.0123
1.1456 1.01233
1.1464 1.01236
1.1472 1.01239
1.148 1.01241
1.1488 1.01243
1.1496 1.01244
1.1504 1.01246
1.1512 1.01247
1.152 1.01248
1.1528 1.0125
1.1536 1.01251
1.1544 1.01252
1.1552 1.01253
1.156 1.01255
1.1568 1.01256
1.1576 1.01257
1.1584 1.01257
1.1592 1.01257
1.16 1.01257
1.1608 1.01258
1.1616 1.01258
1.1624 1.01257
1.1632 1.01257
1.164 1.01257
1.1648 1.01255
1.1656 1.01254
1.1664 1.01252
1.1672 1.01249
1.168 1.01246
1.1688 1.01242
1.1696 1.01238
1.1704 1.01233
1.1712 1.01229
1.172 1.01223
1.1728 1.01217
1.1736 1.01211
1.1744 1.01204
1.1752 1.01197
1.176 1.0119
1.1768 1.01182
1.1776 1.01174
1.1784 1.01166
1.1792 1.01158
1.18 1.0115
1.1808 1.01142
1.1816 1.01133
1.1824 1.01123
1.1832 1.01114
1.184 1.01104
1.1848 1.01093
1.1856 1.01083
1.1864 1.01074
1.1872 1.01064
1.188 1.01054
1.1888 1.01044
1.1896 1.01034
1.1904 1.01024
1.1912 1.01015
1.192 1.01006
1.1928 1.00997
1.1936 1.00988
1.1944 1.00979
1.1952 1.0097
1.196 1.00962
1.1968 1.00954
1.1976 1.00946
1.1984 1.00939
1.1992 1.00932
1.2 1.00925
1.2008 1.00919
1.2016 1.00913
1.2024 1.00907
1.2032 1.00901
1.204 1.00896
1.2048 1.0089
1.2056 1.00884
1.2064 1.00879
1.2072 1.00874
1.208 1.00869
1.2088 1.00864
1.2096 1.0086
1.2104 1.00855
1.2112 1.00851
1.212 1.00847
1.2128 1.00843
1.2136 1.00839
1.2144 1.00835
1.2152 1.00832
1.216 1.00829
1.2168 1.00826
1.2176 1.00824
1.2184 1.0082
1.2192 1.00817
1.22 1.00814
1.2208 1.00811
1.2216 1.00808
1.2224 1.00805
1.2232 1.00803
1.224 1.00801
1.2248 1.008
1.2256 1.00799
1.2264 1.00798
1.2272 1.00798
1.228 1.00798
1.2288 1.00799
1.2296 1.008
1.2304 1.00801
1.2312 1.00802
1.232 1.00804
1.2328 1.00805
1.2336 1.00807
1.2344 1.00808
1.2352 1.0081
1.236 1.00812
1.2368 1.00815
1.2376 1.00817
1.2384 1.00821
1.2392 1.00823
1.24 1.00827
1.2408 1.0083
1.2416 1.00834
1.2424 1.00839
1.2432 1.00843
1.244 1.00847
1.2448 1.00852
1.2456 1.00858
1.2464 1.00864
1.2472 1.0087
1.248 1.00876
1.2488 1.00883
1.2496 1.0089
1.2504 1.00897
1.2512 1.00904
1.252 1.00912
1.2528 1.0092
1.2536 1.0093
1.2544 1.00939
1.2552 1.00949
1.256 1.00959
1.2568 1.0097
1.2576 1.0098
1.2584 1.0099
1.2592 1.01
1.26 1.01011
1.2608 1.0102
1.2616 1.0103
1.2624 1.01039
1.2632 1.01049
1.264 1.01057
1.2648 1.01065
1.2656 1.01073
1.2664 1.01081
1.2672 1.01088
1.268 1.01096
1.2688 1.01103
1.2696 1.01111
1.2704 1.01118
1.2712 1.01125
1.272 1.01132
1.2728 1.01138
1.2736 1.01145
1.2744 1.0115
1.2752 1.01157
1.276 1.01163
1.2768 1.01168
1.2776 1.01174
1.2784 1.01179
1.2792 1.01184
1.28 1.01189
1.2808 1.01194
1.2816 1.01199
1.2824 1.01203
1.2832 1.01208
1.284 1.01212
1.2848 1.01216
1.2856 1.01219
1.2864 1.01222
1.2872 1.01225
1.288 1.01228
1.2888 1.0123
1.2896 1.01232
1.2904 1.01234
1.2912 1.01234
1.292 1.01234
1.2928 1.01234
1.2936 1.01234
1.2944 1.01233
1.2952 1.01233
1.296 1.01233
1.2968 1.01233
1.2976 1.01233
1.2984 1.01233
1.2992 1.01232
1.3 1.01231
1.3008 1.01231
1.3016 1.01231
1.3024 1.01231
1.3032 1.0123
1.304 1.0123
1.3048 1.01229
1.3056 1.01228
1.3064 1.01227
1.3072 1.01225
1.308 1.01224
1.3088 1.01222
1.3096 1.0122
1.3104 1.01217
1.3112 1.01215
1.312 1.01212
1.3128 1.01209
1.3136 1.01206
1.3144 1.01202
1.3152 1.01198
1.316 1.01194
1.3168 1.01189
1.3176 1.01184
1.3184 1.01178
1.3192 1.01172
1.32 1.01166
1.3208 1.01159
1.3216 1.01152
1.3224 1.01144
1.3232 1.01135
1.324 1.01128
1.3248 1.01119
1.3256 1.01111
1.3264 1.01102
1.3272 1.01093
1.328 1.01083
1.3288 1.01074
1.3296 1.01064
1.3304 1.01054
1.3312 1.01044
1.332 1.01033
1.3328 1.01023
1.3336 1.01013
1.3344 1.01003
1.3352 1.00993
1.336 1.00983
1.3368 1.00973
1.3376 1.00964
1.3384 1.00955
1.3392 1.00946
1.34 1.00937
1.3408 1.00928
1.3416 1.00921
1.3424 1.00914
1.3432 1.00908
1.344 1.00901
1.3448 1.00895
1.3456 1.0089
1.3464 1.00884
1.3472 1.0088
1.348 1.00875
1.3488 1.0087
1.3496 1.00866
1.3504 1.00862
1.3512 1.00858
1.352 1.00855
1.3528 1.00851
1.3536 1.00848
1.3544 1.00846
1.3552 1.00843
1.356 1.0084
1.3568 1.00838
1.3576 1.00835
1.3584 1.00833
1.3592 1.0083
1.36 1.00827
1.3608 1.00824
1.3616 1.00821
1.3624 1.00819
1.3632 1.00817
1.364 1.00815
1.3648 1.00813
1.3656 1.00812
1.3664 1.00811
1.3672 1.0081
1.368 1.00809
1.3688 1.00808
1.3696 1.00808
1.3704 1.00808
1.3712 1.00808
1.372 1.00809
1.3728 1.0081
1.3736 1.00811
1.3744 1.00813
1.3752 1.00814
1.376 1.00817
1.3768 1.00819
1.3776 1.00822
1.3784 1.00825
1.3792 1.00828
1.38 1.00832
1.3808 1.00836
1.3816 1.0084
1.3824 1.00844
1.3832 1.00848
1.384 1.00852
1.3848 1.00856
1.3856 1.0086
1.3864 1.00864
1.3872 1.00868
1.388 1.00873
1.3888 1.00878
1.3896 1.00883
1.3904 1.00889
1.3912 1.00895
1.392 1.00901
1.3928 1.00908
1.3936 1.00915
1.3944 1.00922
1.3952 1.0093
1.396 1.00938
1.3968 1.00947
1.3976 1.00956
1.3984 1.00966
1.3992 1.00975
1.4 1.00985
1.4008 1.00995
1.4016 1.01005
1.4024 1.01015
1.4032 1.01025
1.404 1.01035
1.4048 1.01045
1.4056 1.01055
1.4064 1.01065
1.4072 1.01074
1.408 1.01084
1.4088 1.01092
1.4096 1.01101
1.4104 1.0111
1.4112 1.01118
1.412 1.01125
1.4128 1.01132
1.4136 1.01139
1.4144 1.01146
1.4152 1.01152
1.416 1.01159
1.4168 1.01165
1.4176 1.01171
1.4184 1.01176
1.4192 1.01182
1.42 1.01188
1.4208 1.01193
1.4216 1.01198
1.4224 1.01202
1.4232 1.01207
1.424 1.01211
1.4248 1.01214
1.4256 1.01217
1.4264 1.0122
1.4272 1.01223
1.428 1.01225
1.4288 1.01227
1.4296 1.01228
1.4304 1.01229
1.4312 1.0123
1.432 1.0123
1.4328 1.0123
1.4336 1.0123
1.4344 1.0123
1.4352 1.0123
1.436 1.0123
1.4368 1.0123
1.4376 1.0123
1.4384 1.01229
1.4392 1.01229
1.44 1.01229
1.4408 1.01229
1.4416 1.01229
1.4424 1.01229
1.4432 1.01228
1.444 1.01227
1.4448 1.01226
1.4456 1.01225
1.4464 1.01224
1.4472 1.01222
1.448 1.0122
1.4488 1.01217
1.4496 1.01214
1.4504 1.01211
1.4512 1.01207
1.452 1.01204
1.4528 1.012
1.4536 1.01196
1.4544 1.01191
1.4552 1.01186
1.456 1.01182
1.4568 1.01176
1.4576 1.01171
1.4584 1.01165
1.4592 1.01159
1.46 1.01153
1.4608 1.01147
1.4616 1.01141
1.4624 1.01135
1.4632 1.01128
1.464 1.01122
1.4648 1.01116
1.4656 1.0111
1.4664 1.01103
1.4672 1.01096
1.468 1.01088
1.4688 1.01081
1.4696 1.01073
1.4704 1.01064
1.4712 1.01056
1.472 1.01047
1.4728 1.01038
1.4736 1.01029
1.4744 1.01019
1.4752 1.01009
1.476 1.01
1.4768 1.0099
1.4776 1.0098
1.4784 1.0097
1.4792 1.0096
1.48 1.00951
1.4808 1.00942
1.4816 1.00933
1.4824 1.00925
1.4832 1.00917
1.484 1.0091
1.4848 1.00903
1.4856 1.00897
1.4864 1.00891
1.4872 1.00885
1.488 1.0088
1.4888 1.00874
1.4896 1.0087
1.4904 1.00865
1.4912 1.00861
1.492 1.00856
1.4928 1.00853
1.4936 1.00849
1.4944 1.00846
1.4952 1.00843
1.496 1.0084
1.4968 1.00838
1.4976 1.00835
1.4984 1.00834
1.4992 1.00832
1.5 1.0083
1.5008 1.00829
1.5016 1.00828
1.5024 1.00827
1.5032 1.00827
1.504 1.00827
1.5048 1.00827
1.5056 1.00827
1.5064 1.00827
1.5072 1.00827
1.508 1.00828
1.5088 1.00829
1.5096 1.00829
1.5104 1.0083
1.5112 1.00831
1.512 1.00831
1.5128 1.00832
1.5136 1.00833
1.5144 1.00834
1.5152 1.00834
1.516 1.00835
1.5168 1.00836
1.5176 1.00837
1.5184 1.00838
1.5192 1.00839
1.52 1.00841
1.5208 1.00843
1.5216 1.00845
1.5224 1.00847
1.5232 1.0085
1.524 1.00853
1.5248 1.00857
1.5256 1.00861
1.5264 1.00865
1.5272 1.0087
1.528 1.00875
1.5288 1.00881
1.5296 1.00886
1.5304 1.00892
1.5312 1.00899
1.532 1.00905
1.5328 1.00912
1.5336 1.00919
1.5344 1.00926
1.5352 1.00934
1.536 1.00941
1.5368 1.00949
1.5376 1.00957
1.5384 1.00965
1.5392 1.00973
1.54 1.00981
1.5408 1.00989
1.5416 1.00997
1.5424 1.01005
1.5432 1.01013
1.544 1.01022
1.5448 1.01031
1.5456 1.01039
1.5464 1.01048
1.5472 1.01057
1.548 1.01065
1.5488 1.01074
1.5496 1.01083
1.5504 1.01092
1.5512 1.01102
1.552 1.0111
1.5528 1.01119
1.5536 1.01128
1.5544 1.01136
1.5552 1.01145
1.556 1.01152
1.5568 1.0116
1.5576 1.01167
1.5584 1.01174
1.5592 1.01179
1.56 1.01185
1.5608 1.01189
1.5616 1.01194
1.5624 1.01197
1.5632 1.01201
1.564 1.01204
1.5648 1.01208
1.5656 1.0121
1.5664 1.01213
1.5672 1.01215
1.568 1.01217
1.5688 1.01219
1.5696 1.01221
1.5704 1.01222
1.5712 1.01224
1.572 1.01225
1.5728 1.01226
1.5736 1.01226
1.5744 1.01227
1.5752 1.01227
1.576 1.01227
1.5768 1.01227
1.5776 1.01226
1.5784 1.01226
1.5792 1.01225
1.58 1.01224
1.5808 1.01223
1.5816 1.01222
1.5824 1.01221
1.5832 1.01219
1.584 1.01217
1.5848 1.01215
1.5856 1.01214
1.5864 1.01212
1.5872 1.0121
1.588 1.01208
1.5888 1.01206
1.5896 1.01204
1.5904 1.01201
1.5912 1.01199
1.592 1.01196
1.5928 1.01193
1.5936 1.01189
1.5944 1.01186
1.5952 1.01182
1.596 1.01178
1.5968 1.01174
1.5976 1.0117
1.5984 1.01165
1.5992 1.0116
1.6 1.01155
1.6008 1.01149
1.6016 1.01143
1.6024 1.01137
1.6032 1.0113
1.604 1.01123
1.6048 1.01116
1.6056 1.01108
1.6064 1.011
1.6072 1.01092
1.608 1.01084
1.6088 1.01076
1.6096 1.01068
1.6104 1.01061
1.6112 1.01052
1.612 1.01044
1.6128 1.01036
1.6136 1.01028
1.6144 1.0102
1.6152 1.01012
1.616 1.01004
1.6168 1.00996
1.6176 1.00988
1.6184 1.0098
1.6192 1.00972
1.62 1.00964
1.6208 1.00956
1.6216 1.00948
1.6224 1.0094
1.6232 1.00932
1.624 1.00924
1.6248 1.00917
1.6256 1.00909
1.6264 1.00901
1.6272 1.00894
1.628 1.00888
1.6288 1.00881
1.6296 1.00876
1.6304 1.00871
1.6312 1.00866
1.632 1.00861
1.6328 1.00857
1.6336 1.00853
1.6344 1.0085
1.6352 1.00847
1.636 1.00845
1.6368 1.00843
1.6376 1.0084
1.6384 1.00839
1.6392 1.00837
1.64 1.00836
1.6408 1.00835
1.6416 1.00834
1.6424 1.00833
1.6432 1.00832
1.644 1.00832
1.6448 1.00831
1.6456 1.00831
1.6464 1.0083
1.6472 1.0083
1.648 1.0083
1.6488 1.00831
1.6496 1.00831
1.6504 1.00832
1.6512 1.00832
1.652 1.00833
1.6528 1.00834
1.6536 1.00836
1.6544 1.00837
1.6552 1.00839
1.656 1.00841
1.6568 1.00844
1.6576 1.00847
1.6584 1.0085
1.6592 1.00853
1.66 1.00856
1.6608 1.0086
1.6616 1.00863
1.6624 1.00866
1.6632 1.00869
1.664 1.00872
1.6648 1.00875
1.6656 1.00879
1.6664 1.00882
1.6672 1.00885
1.668 1.00888
1.6688 1.00892
1.6696 1.00895
1.6704 1.00899
1.6712 1.00903
1.672 1.00908
1.6728 1.00913
1.6736 1.00918
1.6744 1.00924
1.6752 1.0093
1.676 1.00936
1.6768 1.00943
1.6776 1.00951
1.6784 1.00958
1.6792 1.00967
1.68 1.00975
1.6808 1.00984
1.6816 1.00993
1.6824 1.01002
1.6832 1.01012
1.684 1.01021
1.6848 1.01031
1.6856 1.0104
1.6864 1.01049
1.6872 1.01057
1.688 1.01065
1.6888 1.01073
1.6896 1.0108
1.6904 1.01087
1.6912 1.01093
1.692 1.011
1.6928 1.01106
1.6936 1.01112
1.6944 1.01118
1.6952 1.01124
1.696 1.0113
1.6968 1.01136
1.6976 1.01142
1.6984 1.01148
1.6992 1.01154
1.7 1.0116
1.7008 1.01166
1.7016 1.01171
1.7024 1.01177
1.7032 1.01182
1.704 1.01188
1.7048 1.01193
1.7056 1.01198
1.7064 1.01202
1.7072 1.01206
1.708 1.0121
1.7088 1.01213
1.7096 1.01215
1.7104 1.01217
1.7112 1.01219
1.712 1.0122
1.7128 1.01221
1.7136 1.01222
1.7144 1.01222
1.7152 1.01222
1.716 1.01222
1.7168 1.01222
1.7176 1.01222
1.7184 1.01221
1.7192 1.0122
1.72 1.0122
1.7208 1.01219
1.7216 1.01218
1.7224 1.01217
1.7232 1.01216
1.724 1.01215
1.7248 1.01213
1.7256 1.01212
1.7264 1.0121
1.7272 1.01208
1.728 1.01206
1.7288 1.01204
1.7296 1.01202
1.7304 1.01199
1.7312 1.01195
1.732 1.01192
1.7328 1.01189
1.7336 1.01185
1.7344 1.01181
1.7352 1.01177
1.736 1.01172
1.7368 1.01168
1.7376 1.01163
1.7384 1.01158
1.7392 1.01153
1.74 1.01148
1.7408 1.01143
1.7416 1.01138
1.7424 1.01133
1.7432 1.01128
1.744 1.01124
1.7448 1.01118
1.7456 1.01113
1.7464 1.01107
1.7472 1.01101
1.748 1.01094
1.7488 1.01087
1.7496 1.01079
1.7504 1.0107
1.7512 1.01061
1.752 1.01051
1.7528 1.01042
1.7536 1.01032
1.7544 1.01022
1.7552 1.01012
1.756 1.01003
1.7568 1.00993
1.7576 1.00985
1.7584 1.00976
1.7592 1.00968
1.76 1.00961
1.7608 1.00954
1.7616 1.00947
1.7624 1.00941
1.7632 1.00935
1.764 1.0093
1.7648 1.00924
1.7656 1.00919
1.7664 1.00914
1.7672 1.0091
1.768 1.00906
1.7688 1.00901
1.7696 1.00896
1.7704 1.00891
1.7712 1.00886
1.772 1.00881
1.7728 1.00876
1.7736 1.00871
1.7744 1.00866
1.7752 1.00861
1.776 1.00856
1.7768 1.00852
1.7776 1.00848
1.7784 1.00844
1.7792 1.0084
1.78 1.00837
1.7808 1.00834
1.7816 1.00831
1.7824 1.00829
1.7832 1.00828
1.784 1.00827
1.7848 1.00826
1.7856 1.00826
1.7864 1.00825
1.7872 1.00825
1.788 1.00826
1.7888 1.00827
1.7896 1.00828
1.7904 1.00829
1.7912 1.0083
1.792 1.00832
1.7928 1.00834
1.7936 1.00835
1.7944 1.00837
1.7952 1.00839
1.796 1.00841
1.7968 1.00843
1.7976 1.00845
1.7984 1.00847
1.7992 1.0085
1.8 1.00852
1.8008 1.00856
1.8016 1.00859
1.8024 1.00863
1.8032 1.00866
1.804 1.0087
1.8048 1.00874
1.8056 1.00878
1.8064 1.00883
1.8072 1.00888
1.808 1.00894
1.8088 1.00899
1.8096 1.00904
1.8104 1.0091
1.8112 1.00916
1.812 1.00922
1.8128 1.00927
1.8136 1.00933
1.8144 1.00939
1.8152 1.00945
1.816 1.00951
1.8168 1.00957
1.8176 1.00964
1.8184 1.0097
1.8192 1.00977
1.82 1.00984
1.8208 1.00991
1.8216 1.00998
1.8224 1.01006
1.8232 1.01013
1.824 1.01021
1.8248 1.01029
1.8256 1.01036
1.8264 1.01044
1.8272 1.01052
1.828 1.0106
1.8288 1.01069
1.8296 1.01077
1.8304 1.01085
1.8312 1.01093
1.832 1.011
1.8328 1.01108
1.8336 1.01115
1.8344 1.01121
1.8352 1.01127
1.836 1.01133
1.8368 1.01139
1.8376 1.01143
1.8384 1.01148
1.8392 1.01153
1.84 1.01157
1.8408 1.01161
1.8416 1.01165
1.8424 1.01168
1.8432 1.01172
1.844 1.01175
1.8448 1.01179
1.8456 1.01182
1.8464 1.01185
1.8472 1.01188
1.848 1.01191
1.8488 1.01194
1.8496 1.01197
1.8504 1.01199
1.8512 1.01201
1.852 1.01203
1.8528 1.01204
1.8536 1.01205
1.8544 1.01206
1.8552 1.01207
1.856 1.01208
1.8568 1.01209
1.8576 1.01209
1.8584 1.01209
1.8592 1.01209
1.86 1.01209
1.8608 1.01208
1.8616 1.01207
1.8624 1.01206
1.8632 1.01204
1.864 1.01203
1.8648 1.01201
1.8656 1.01199
1.8664 1.01197
1.8672 1.01195
1.868 1.01193
1.8688 1.0119
1.8696 1.01188
1.8704 1.01186
1.8712 1.01183
1.872 1.0118
1.8728 1.01177
1.8736 1.01173
1.8744 1.01169
1.8752 1.01165
1.876 1.0116
1.8768 1.01155
1.8776 1.0115
1.8784 1.01145
1.8792 1.0114
1.88 1.01134
1.8808 1.01129
1.8816 1.01123
1.8824 1.01118
1.8832 1.01112
1.884 1.01106
1.8848 1.01101
1.8856 1.01095
1.8864 1.0109
1.8872 1.01084
1.888 1.01079
1.8888 1.01073
1.8896 1.01067
1.8904 1.01062
1.8912 1.01056
1.892 1.0105
1.8928 1.01044
1.8936 1.01038
1.8944 1.01031
1.8952 1.01024
1.896 1.01016
1.8968 1.01009
1.8976 1.01001
1.8984 1.00993
1.8992 1.00985
1.9 1.00977
1.9008 1.00969
1.9016 1.00961
1.9024 1.00953
1.9032 1.00945
1.904 1.00938
1.9048 1.0093
1.9056 1.00924
1.9064 1.00917
1.9072 1.00911
1.908 1.00906
1.9088 1.009
1.9096 1.00896
1.9104 1.00892
1.9112 1.00889
1.912 1.00886
1.9128 1.00884
1.9136 1.00882
1.9144 1.0088
1.9152 1.00878
1.916 1.00877
1.9168 1.00876
1.9176 1.00875
1.9184 1.00873
1.9192 1.00872
1.92 1.0087
1.9208 1.00868
1.9216 1.00867
1.9224 1.00865
1.9232 1.00864
1.924 1.00862
1.9248 1.00861
1.9256 1.0086
1.9264 1.00859
1.9272 1.00858
1.928 1.00857
1.9288 1.00856
1.9296 1.00856
1.9304 1.00856
1.9312 1.00856
1.932 1.00856
1.9328 1.00857
1.9336 1.00858
1.9344 1.00859
1.9352 1.00861
1.936 1.00863
1.9368 1.00865
1.9376 1.00867
1.9384 1.00869
1.9392 1.00872
1.94 1.00874
1.9408 1.00877
1.9416 1.0088
1.9424 1.00883
1.9432 1.00887
1.944 1.0089
1.9448 1.00893
1.9456 1.00897
1.9464 1.00901
1.9472 1.00904
1.948 1.00908
1.9488 1.00912
1.9496 1.00916
1.9504 1.0092
1.9512 1.00925
1.952 1.00929
1.9528 1.00934
1.9536 1.00939
1.9544 1.00945
1.9552 1.0095
1.956 1.00955
1.9568 1.00961
1.9576 1.00967
1.9584 1.00972
1.9592 1.00978
1.96 1.00983
1.9608 1.00988
1.9616 1.00993
1.9624 1.00999
1.9632 1.01004
1.964 1.0101
1.9648 1.01015
1.9656 1.01021
1.9664 1.01027
1.9672 1.01034
1.968 1.0104
1.9688 1.01047
1.9696 1.01055
1.9704 1.01062
1.9712 1.0107
1.972 1.01077
1.9728 1.01085
1.9736 1.01093
1.9744 1.01101
1.9752 1.01108
1.976 1.01116
1.9768 1.01123
1.9776 1.0113
1.9784 1.01137
1.9792 1.01143
1.98 1.0115
1.9808 1.01155
1.9816 1.0116
1.9824 1.01165
1.9832 1.01169
1.984 1.01173
1.9848 1.01176
1.9856 1.01179
1.9864 1.01181
1.9872 1.01183
1.988 1.01185
1.9888 1.01186
1.9896 1.01187
1.9904 1.01187
1.9912 1.01187
1.992 1.01187
1.9928 1.01188
1.9936 1.01188
1.9944 1.01189
1.9952 1.01189
1.996 1.01189
1.9968 1.0119
1.9976 1.0119
1.9984 1.0119
1.9992 1.01191
2 1.0119
2.0008 1.0119
2.0016 1.01189
2.0024 1.01188
2.0032 1.01188
2.004 1.01186
2.0048 1.01185
2.0056 1.01184
2.0064 1.01182
2.0072 1.01181
2.008 1.01179
2.0088 1.01177
2.0096 1.01175
2.0104 1.01172
2.0112 1.01169
2.012 1.01166
2.0128 1.01162
2.0136 1.01159
2.0144 1.01155
2.0152 1.01151
2.016 1.01146
2.0168 1.01142
2.0176 1.01138
2.0184 1.01133
2.0192 1.01129
2.02 1.01124
2.0208 1.0112
2.0216 1.01115
2.0224 1.01111
2.0232 1.01106
2.024 1.01102
2.0248 1.01098
2.0256 1.01094
2.0264 1.01089
2.0272 1.01085
2.028 1.01081
2.0288 1.01076
2.0296 1.01072
2.0304 1.01067
2.0312 1.01062
2.032 1.01056
2.0328 1.01051
2.0336 1.01045
2.0344 1.01039
2.0352 1.01033
2.036 1.01026
2.0368 1.0102
2.0376 1.01013
2.0384 1.01005
2.0392 1.00998
2.04 1.00991
2.0408 1.00984
2.0416 1.00976
2.0424 1.00968
2.0432 1.00961
2.044 1.00953
2.0448 1.00946
2.0456 1.00939
2.0464 1.00932
2.0472 1.00925
2.048 1.00919
2.0488 1.00912
2.0496 1.00906
2.0504 1.009
2.0512 1.00895
2.052 1.0089
2.0528 1.00885
2.0536 1.00881
2.0544 1.00877
2.0552 1.00873
2.056 1.0087
2.0568 1.00867
2.0576 1.00864
2.0584 1.00863
2.0592 1.00861
2.06 1.0086
2.0608 1.0086
2.0616 1.00859
2.0624 1.00859
2.0632 1.0086
2.064 1.0086
2.0648 1.0086
2.0656 1.0086
2.0664 1.00861
2.0672 1.00861
2.068 1.00862
2.0688 1.00862
2.0696 1.00863
2.0704 1.00864
2.0712 1.00865
2.072 1.00866
2.0728 1.00867
2.0736 1.00868
2.0744 1.00869
2.0752 1.00871
2.076 1.00872
2.0768 1.00873
2.0776 1.00874
2.0784 1.00876
2.0792 1.00877
2.08 1.00879
2.0808 1.00881
2.0816 1.00883
2.0824 1.00885
2.0832 1.00888
2.084 1.00891
2.0848 1.00894
2.0856 1.00898
2.0864 1.00901
2.0872 1.00905
2.088 1.0091
2.0888 1.00914
2.0896 1.00918
2.0904 1.00923
2.0912 1.00928
2.092 1.00933
2.0928 1.00939
2.0936 1.00944
2.0944 1.00949
2.0952 1.00954
2.096 1.0096
2.0968 1.00965
2.0976 1.0097
2.0984 1.00975
2.0992 1.0098
2.1 1.00985
2.1008 1.0099
2.1016 1.00995
2.1024 1.01
2.1032 1.01005
2.104 1.01011
2.1048 1.01017
2.1056 1.01022
2.1064 1.01029
2.1072 1.01035
2.108 1.01041
2.1088 1.01048
2.1096 1.01055
2.1104 1.01062
2.1112 1.01069
2.112 1.01076
2.1128 1.01083
2.1136 1.0109
2.1144 1.01097
2.1152 1.01104
2.116 1.01111
2.1168 1.01118
2.1176 1.01126
2.1184 1.01132
2.1192 1.01139
2.12 1.01145
2.1208 1.01151
2.1216 1.01156
2.1224 1.01162
2.1232 1.01167
2.124 1.01171
2.1248 1.01175
2.1256 1.01179
2.1264 1.01182
2.1272 1.01185
2.128 1.01187
2.1288 1.0119
2.1296 1.01191
2.1304 1.01193
2.1312 1.01194
2.132 1.01195
2.1328 1.01195
2.1336 1.01195
2.1344 1.01195
2.1352 1.01195
2.136 1.01194
2.1368 1.01193
2.1376 1.01192
2.1384 1.01191
2.1392 1.01189
2.14 1.01188
2.1408 1.01186
2.1416 1.01184
2.1424 1.01182
2.1432 1.01181
2.144 1.01179
2.1448 1.01177
2.1456 1.01175
2.1464 1.01174
2.1472 1.01172
2.148 1.0117
2.1488 1.01168
2.1496 1.01167
2.1504 1.01165
2.1512 1.01163
2.152 1.01161
2.1528 1.01158
2.1536 1.01156
2.1544 1.01154
2.1552 1.01151
2.156 1.01149
2.1568 1.01146
2.1576 1.01143
2.1584 1.0114
2.1592 1.01137
2.16 1.01133
2.1608 1.01129
2.1616 1.01125
2.1624 1.0112
2.1632 1.01115
2.164 1.0111
2.1648 1.01105
2.1656 1.011
2.1664 1.01095
2.1672 1.01089
2.168 1.01084
2.1688 1.01078
2.1696 1.01072
2.1704 1.01066
2.1712 1.0106
2.172 1.01054
2.1728 1.01048
2.1736 1.01042
2.1744 1.01036
2.1752 1.0103
2.176 1.01024
2.1768 1.01017
2.1776 1.01011
2.1784 1.01004
2.1792 1.00998
2.18 1.00991
2.1808 1.00985
2.1816 1.00978
2.1824 1.00971
2.1832 1.00964
2.184 1.00957
2.1848 1.00951
2.1856 1.00944
2.1864 1.00937
2.1872 1.00931
2.188 1.00924
2.1888 1.00918
2.1896 1.00912
2.1904 1.00906
2.1912 1.009
2.192 1.00895
2.1928 1.00889
2.1936 1.00884
2.1944 1.0088
2.1952 1.00875
2.196 1.00872
2.1968 1.00868
2.1976 1.00865
2.1984 1.00862
2.1992 1.0086
2.2 1.00858
2.2008 1.00857
2.2016 1.00857
2.2024 1.00856
2.2032 1.00856
2.204 1.00856
2.2048 1.00857
2.2056 1.00858
2.2064 1.00859
2.2072 1.0086
2.208 1.00861
2.2088 1.00863
2.2096 1.00864
2.2104 1.00866
2.2112 1.00867
2.212 1.00869
2.2128 1.0087
2.2136 1.00872
2.2144 1.00873
2.2152 1.00874
2.216 1.00876
2.2168 1.00877
2.2176 1.00878
2.2184 1.0088
2.2192 1.00881
2.22 1.00883
2.2208 1.00885
2.2216 1.00887
2.2224 1.00889
2.2232 1.00891
2.224 1.00894
2.2248 1.00896
2.2256 1.00899
2.2264 1.00901
2.2272 1.00904
2.228 1.00908
2.2288 1.00911
2.2296 1.00915
2.2304 1.00919
2.2312 1.00924
2.232 1.00928
2.2328 1.00933
2.2336 1.00938
2.2344 1.00944
2.2352 1.00949
2.236 1.00954
2.2368 1.0096
2.2376 1.00965
2.2384 1.0097
2.2392 1.00976
2.24 1.00982
2.2408 1.00987
2.2416 1.00992
2.2424 1.00998
2.2432 1.01004
2.244 1.0101
2.2448 1.01016
2.2456 1.01022
2.2464 1.01028
2.2472 1.01034
2.248 1.01041
2.2488 1.01047
2.2496 1.01054
2.2504 1.01061
2.2512 1.01068
2.252 1.01074
2.2528 1.01081
2.2536 1.01087
2.2544 1.01094
2.2552 1.011
2.256 1.01106
2.2568 1.01113
2.2576 1.01119
2.2584 1.01124
2.2592 1.0113
2.26 1.01135
2.2608 1.01141
2.2616 1.01146
2.2624 1.01151
2.2632 1.01155
2.264 1.0116
2.2648 1.01164
2.2656 1.01168
2.2664 1.01171
2.2672 1.01174
2.268 1.01177
2.2688 1.0118
2.2696 1.01182
2.2704 1.01183
2.2712 1.01185
2.272 1.01186
2.2728 1.01187
2.2736 1.01188
2.2744 1.01189
2.2752 1.0119
2.276 1.0119
2.2768 1.0119
2.2776 1.01189
2.2784 1.01188
2.2792 1.01187
2.28 1.01186
2.2808 1.01184
2.2816 1.01183
2.2824 1.01181
2.2832 1.01179
2.284 1.01177
2.2848 1.01176
2.2856 1.01174
2.2864 1.01173
2.2872 1.01171
2.288 1.01169
2.2888 1.01167
2.2896 1.01166
2.2904 1.01164
2.2912 1.01162
2.292 1.0116
2.2928 1.01158
2.2936 1.01156
2.2944 1.01153
2.2952 1.01151
2.296 1.01148
2.2968 1.01145
2.2976 1.01141
2.2984 1.01138
2.2992 1.01134
2.3 1.01129
2.3008 1.01125
2.3016 1.0112
2.3024 1.01115
2.3032 1.0111
2.304 1.01105
2.3048 1.01099
2.3056 1.01094
2.3064 1.01089
2.3072 1.01083
2.308 1.01078
2.3088 1.01073
2.3096 1.01067
2.3104 1.01062
2.3112 1.01057
2.312 1.01053
2.3128 1.01048
2.3136 1.01043
2.3144 1.01038
2.3152 1.01033
2.316 1.01028
2.3168 1.01022
2.3176 1.01016
2.3184 1.0101
2.3192 1.01004
2.32 1.00998
2.3208 1.00992
2.3216 1.00986
2.3224 1.0098
2.3232 1.00973
2.324 1.00967
2.3248 1.0096
2.3256 1.00954
2.3264 1.00947
2.3272 1.00941
2.328 1.00935
2.3288 1.0093
2.3296 1.00924
2.3304 1.00919
2.3312 1.00914
2.332 1.00909
2.3328 1.00905
2.3336 1.00901
2.3344 1.00897
2.3352 1.00894
2.336 1.0089
2.3368 1.00887
2.3376 1.00884
2.3384 1.00881
2.3392 1.00879
2.34 1.00876
2.3408 1.00874
2.3416 1.00872
2.3424 1.00871
2.3432 1.0087
2.344 1.00869
2.3448 1.00868
2.3456 1.00868
2.3464 1.00867
2.3472 1.00867
2.348 1.00868
2.3488 1.00868
2.3496 1.00868
2.3504 1.00869
2.3512 1.00869
2.352 1.0087
2.3528 1.00871
2.3536 1.00873
2.3544 1.00874
2.3552 1.00876
2.356 1.00878
2.3568 1.0088
2.3576 1.00882
2.3584 1.00884
2.3592 1.00886
2.36 1.00888
2.3608 1.0089
2.3616 1.00893
2.3624 1.00895
2.3632 1.00897
2.364 1.009
2.3648 1.00903
2.3656 1.00905
2.3664 1.00908
2.3672 1.00912
2.368 1.00915
2.3688 1.00918
2.3696 1.00922
2.3704 1.00925
2.3712 1.00929
2.372 1.00932
2.3728 1.00936
2.3736 1.00939
2.3744 1.00944
2.3752 1.00948
2.376 1.00953
2.3768 1.00958
2.3776 1.00963
2.3784 1.00968
2.3792 1.00973
2.38 1.00979
2.3808 1.00985
2.3816 1.00991
2.3824 1.00997
2.3832 1.01003
2.384 1.01008
2.3848 1.01014
2.3856 1.0102
2.3864 1.01026
2.3872 1.01031
2.388 1.01036
2.3888 1.01042
2.3896 1.01047
2.3904 1.01052
2.3912 1.01057
2.392 1.01061
2.3928 1.01066
2.3936 1.01072
2.3944 1.01076
2.3952 1.01082
2.396 1.01087
2.3968 1.01092
2.3976 1.01097
2.3984 1.01103
2.3992 1.01108
2.4 1.01114
2.4008 1.01119
2.4016 1.01125
2.4024 1.0113
2.4032 1.01135
2.404 1.0114
2.4048 1.01144
2.4056 1.01148
2.4064 1.01152
2.4072 1.01155
2.408 1.01158
2.4088 1.01161
2.4096 1.01163
2.4104 1.01166
2.4112 1.01168
2.412 1.01169
2.4128 1.01171
2.4136 1.01172
2.4144 1.01172
2.4152 1.01173
2.416 1.01173
2.4168 1.01173
2.4176 1.01173
2.4184 1.01173
2.4192 1.01173
2.42 1.01172
2.4208 1.01171
2.4216 1.01171
2.4224 1.0117
2.4232 1.01169
2.424 1.01168
2.4248 1.01166
2.4256 1.01165
2.4264 1.01163
2.4272 1.01161
2.428 1.0116
2.4288 1.01158
2.4296 1.01155
2.4304 1.01153
2.4312 1.01151
2.432 1.01148
2.4328 1.01145
2.4336 1.01141
2.4344 1.01138
2.4352 1.01134
2.436 1.01131
2.4368 1.01127
2.4376 1.01123
2.4384 1.0112
2.4392 1.01117
2.44 1.01113
2.4408 1.01111
2.4416 1.01107
2.4424 1.01104
2.4432 1.01101
2.444 1.01098
2.4448 1.01094
2.4456 1.01091
2.4464 1.01087
2.4472 1.01084
2.448 1.0108
2.4488 1.01076
2.4496 1.01071
2.4504 1.01067
2.4512 1.01062
2.452 1.01057
2.4528 1.01052
2.4536 1.01046
2.4544 1.01041
2.4552 1.01036
2.456 1.0103
2.4568 1.01025
2.4576 1.0102
2.4584 1.01014
2.4592 1.01009
2.46 1.01004
2.4608 1.01
2.4616 1.00995
2.4624 1.0099
2.4632 1.00986
2.464 1.00981
2.4648 1.00977
2.4656 1.00973
2.4664 1.00968
2.4672 1.00964
2.468 1.0096
2.4688 1.00956
2.4696 1.00951
2.4704 1.00947
2.4712 1.00943
2.472 1.00938
2.4728 1.00934
2.4736 1.00929
2.4744 1.00925
2.4752 1.00921
2.476 1.00917
2.4768 1.00912
2.4776 1.00909
2.4784 1.00905
2.4792 1.00902
2.48 1.00899
2.4808 1.00897
2.4816 1.00894
2.4824 1.00892
2.4832 1.00891
2.484 1.00889
2.4848 1.00889
2.4856 1.00889
2.4864 1.00889
2.4872 1.00889
2.488 1.00889
2.4888 1.0089
2.4896 1.00891
2.4904 1.00891
2.4912 1.00892
2.492 1.00893
2.4928 1.00893
2.4936 1.00894
2.4944 1.00895
2.4952 1.00897
2.496 1.00898
2.4968 1.009
2.4976 1.00901
2.4984 1.00903
2.4992 1.00905
2.5 1.00907
2.5008 1.00909
2.5016 1.00912
2.5024 1.00914
2.5032 1.00916
2.504 1.00919
2.5048 1.00922
2.5056 1.00924
2.5064 1.00927
2.5072 1.0093
2.508 1.00933
2.5088 1.00936
2.5096 1.0094
2.5104 1.00943
2.5112 1.00946
2.512 1.0095
2.5128 1.00954
2.5136 1.00957
2.5144 1.00961
2.5152 1.00964
2.516 1.00968
2.5168 1.00972
2.5176 1.00975
2.5184 1.00978
2.5192 1.00982
2.52 1.00986
2.5208 1.00989
2.5216 1.00993
2.5224 1.00997
2.5232 1.01001
2.524 1.01005
2.5248 1.01009
2.5256 1.01014
2.5264 1.01019
2.5272 1.01023
2.528 1.01028
2.5288 1.01034
2.5296 1.01039
2.5304 1.01044
2.5312 1.01049
2.532 1.01053
2.5328 1.01058
2.5336 1.01063
2.5344 1.01068
2.5352 1.01072
2.536 1.01077
2.5368 1.01081
2.5376 1.01085
2.5384 1.0109
2.5392 1.01094
2.54 1.01098
2.5408 1.01102
2.5416 1.01106
2.5424 1.0111
2.5432 1.01114
2.544 1.01118
2.5448 1.01121
2.5456 1.01125
2.5464 1.01129
2.5472 1.01132
2.548 1.01136
2.5488 1.01139
2.5496 1.01142
2.5504 1.01144
2.5512 1.01147
2.552 1.01149
2.5528 1.01152
2.5536 1.01154
2.5544 1.01155
2.5552 1.01157
2.556 1.01158
2.5568 1.01159
2.5576 1.01159
2.5584 1.01159
2.5592 1.01159
2.56 1.01159
2.5608 1.01159
2.5616 1.01158
2.5624 1.01158
2.5632 1.01157
2.564 1.01155
2.5648 1.01154
2.5656 1.01153
2.5664 1.01151
2.5672 1.0115
2.568 1.01148
2.5688 1.01146
2.5696 1.01144
2.5704 1.01142
2.5712 1.01139
2.572 1.01137
2.5728 1.01134
2.5736 1.01131
2.5744 1.01128
2.5752 1.01125
2.576 1.01122
2.5768 1.01119
2.5776 1.01116
2.5784 1.01113
2.5792 1.0111
2.58 1.01106
2.5808 1.01103
2.5816 1.011
2.5824 1.01096
2.5832 1.01093
2.584 1.0109
2.5848 1.01087
2.5856 1.01084
2.5864 1.0108
2.5872 1.01077
2.588 1.01073
2.5888 1.0107
2.5896 1.01066
2.5904 1.01062
2.5912 1.01058
2.592 1.01054
2.5928 1.0105
2.5936 1.01046
2.5944 1.01041
2.5952 1.01037
2.596 1.01032
2.5968 1.01027
2.5976 1.01022
2.5984 1.01017
2.5992 1.01012
2.6 1.01007
2.6008 1.01001
2.6016 1.00996
2.6024 1.00991
2.6032 1.00986
2.604 1.00981
2.6048 1.00977
2.6056 1.00972
2.6064 1.00968
2.6072 1.00964
2.608 1.00961
2.6088 1.00957
2.6096 1.00953
2.6104 1.0095
2.6112 1.00947
2.612 1.00943
2.6128 1.0094
2.6136 1.00937
2.6144 1.00934
2.6152 1.00931
2.616 1.00928
2.6168 1.00925
2.6176 1.00922
2.6184 1.00919
2.6192 1.00916
2.62 1.00913
2.6208 1.0091
2.6216 1.00908
2.6224 1.00905
2.6232 1.00903
2.624 1.00901
2.6248 1.00899
2.6256 1.00897
2.6264 1.00896
2.6272 1.00895
2.628 1.00894
2.6288 1.00894
2.6296 1.00893
2.6304 1.00893
2.6312 1.00893
2.632 1.00894
2.6328 1.00895
2.6336 1.00896
2.6344 1.00897
2.6352 1.00899
2.636 1.009
2.6368 1.00902
2.6376 1.00903
2.6384 1.00905
2.6392 1.00906
2.64 1.00908
2.6408 1.0091
2.6416 1.00912
2.6424 1.00914
2.6432 1.00916
2.644 1.00919
2.6448 1.00921
2.6456 1.00923
2.6464 1.00926
2.6472 1.00928
2.648 1.00931
2.6488 1.00934
2.6496 1.00937
2.6504 1.00941
2.6512 1.00944
2.652 1.00948
2.6528 1.00952
2.6536 1.00955
2.6544 1.00959
2.6552 1.00963
2.656 1.00966
2.6568 1.0097
2.6576 1.00974
2.6584 1.00977
2.6592 1.00981
2.66 1.00985
2.6608 1.00989
2.6616 1.00993
2.6624 1.00997
2.6632 1.01001
2.664 1.01005
2.6648 1.01009
2.6656 1.01013
2.6664 1.01018
2.6672 1.01022
2.668 1.01026
2.6688 1.01031
2.6696 1.01036
2.6704 1.0104
2.6712 1.01045
2.672 1.0105
2.6728 1.01055
2.6736 1.0106
2.6744 1.01065
2.6752 1.0107
2.676 1.01075
2.6768 1.0108
2.6776 1.01084
2.6784 1.01089
2.6792 1.01093
2.68 1.01098
2.6808 1.01102
2.6816 1.01106
2.6824 1.01109
2.6832 1.01113
2.684 1.01116
2.6848 1.01119
2.6856 1.01122
2.6864 1.01125
2.6872 1.01128
2.688 1.01131
2.6888 1.01133
2.6896 1.01135
2.6904 1.01138
2.6912 1.0114
2.692 1.01142
2.6928 1.01143
2.6936 1.01145
2.6944 1.01146
2.6952 1.01148
2.696 1.01149
2.6968 1.0115
2.6976 1.01151
2.6984 1.01152
2.6992 1.01152
2.7 1.01153
2.7008 1.01153
2.7016 1.01153
2.7024 1.01153
2.7032 1.01153
2.704 1.01153
2.7048 1.01153
2.7056 1.01152
2.7064 1.01152
2.7072 1.01151
2.708 1.0115
2.7088 1.01149
2.7096 1.01147
2.7104 1.01146
2.7112 1.01144
2.712 1.01141
2.7128 1.01139
2.7136 1.01137
2.7144 1.01134
2.7152 1.01131
2.716 1.01129
2.7168 1.01126
2.7176 1.01123
2.7184 1.0112
2.7192 1.01117
2.72 1.01113
2.7208 1.0111
2.7216 1.01106
2.7224 1.01103
2.7232 1.01099
2.724 1.01095
2.7248 1.01092
2.7256 1.01088
2.7264 1.01084
2.7272 1.0108
2.728 1.01076
2.7288 1.01072
2.7296 1.01068
2.7304 1.01064
2.7312 1.01061
2.732 1.01057
2.7328 1.01052
2.7336 1.01048
2.7344 1.01044
2.7352 1.0104
2.736 1.01035
2.7368 1.0103
2.7376 1.01026
2.7384 1.01021
2.7392 1.01016
2.74 1.01011
2.7408 1.01006
2.7416 1.01002
2.7424 1.00997
2.7432 1.00992
2.744 1.00987
2.7448 1.00983
2.7456 1.00978
2.7464 1.00973
2.7472 1.00968
2.748 1.00964
2.7488 1.00959
2.7496 1.00954
2.7504 1.0095
2.7512 1.00946
2.752 1.00942
2.7528 1.00938
2.7536 1.00935
2.7544 1.00932
2.7552 1.00928
2.756 1.00925
2.7568 1.00923
2.7576 1.0092
2.7584 1.00918
2.7592 1.00915
2.76 1.00913
2.7608 1.00911
2.7616 1.00909
2.7624 1.00908
2.7632 1.00906
2.764 1.00905
2.7648 1.00903
2.7656 1.00902
2.7664 1.00901
2.7672 1.009
2.768 1.00899
2.7688 1.00898
2.7696 1.00898
2.7704 1.00897
2.7712 1.00897
2.772 1.00896
2.7728 1.00896
2.7736 1.00896
2.7744 1.00896
2.7752 1.00896
2.776 1.00897
2.7768 1.00897
2.7776 1.00898
2.7784 1.00898
2.7792 1.009
2.78 1.00901
2.7808 1.00902
2.7816 1.00904
2.7824 1.00905
2.7832 1.00908
2.784 1.0091
2.7848 1.00913
2.7856 1.00915
2.7864 1.00919
2.7872 1.00922
2.788 1.00925
2.7888 1.00929
2.7896 1.00933
2.7904 1.00937
2.7912 1.00941
2.792 1.00945
2.7928 1.00949
2.7936 1.00953
2.7944 1.00956
2.7952 1.00961
2.796 1.00965
2.7968 1.00969
2.7976 1.00973
2.7984 1.00977
2.7992 1.00981
2.8 1.00985
2.8008 1.0099
2.8016 1.00994
2.8024 1.00998
2.8032 1.01003
2.804 1.01007
2.8048 1.01012
2.8056 1.01016
2.8064 1.01021
2.8072 1.01025
2.808 1.0103
2.8088 1.01035
2.8096 1.01039
2.8104 1.01044
2.8112 1.01048
2.812 1.01053
2.8128 1.01058
2.8136 1.01063
2.8144 1.01067
2.8152 1.01072
2.816 1.01077
2.8168 1.01082
2.8176 1.01086
2.8184 1.0109
2.8192 1.01095
2.82 1.01099
2.8208 1.01103
2.8216 1.01106
2.8224 1.0111
2.8232 1.01113
2.824 1.01116
2.8248 1.01119
2.8256 1.01122
2.8264 1.01125
2.8272 1.01127
2.828 1.01129
2.8288 1.01131
2.8296 1.01133
2.8304 1.01135
2.8312 1.01136
2.832 1.01137
2.8328 1.01139
2.8336 1.0114
2.8344 1.01141
2.8352 1.01143
2.836 1.01144
2.8368 1.01145
2.8376 1.01146
2.8384 1.01147
2.8392 1.01149
2.84 1.01149
2.8408 1.0115
2.8416 1.01151
2.8424 1.01151
2.8432 1.01151
2.844 1.01152
2.8448 1.01151
2.8456 1.01151
2.8464 1.01151
2.8472 1.01151
2.848 1.0115
2.8488 1.01149
2.8496 1.01148
2.8504 1.01147
2.8512 1.01146
2.852 1.01144
2.8528 1.01143
2.8536 1.01141
2.8544 1.01139
2.8552 1.01137
2.856 1.01134
2.8568 1.01131
2.8576 1.01128
2.8584 1.01125
2.8592 1.01122
2.86 1.01118
2.8608 1.01114
2.8616 1.0111
2.8624 1.01106
2.8632 1.01102
2.864 1.01098
2.8648 1.01093
2.8656 1.01089
2.8664 1.01084
2.8672 1.01079
2.868 1.01075
2.8688 1.0107
2.8696 1.01065
2.8704 1.01061
2.8712 1.01056
2.872 1.01051
2.8728 1.01047
2.8736 1.01042
2.8744 1.01038
2.8752 1.01033
2.876 1.01029
2.8768 1.01025
2.8776 1.0102
2.8784 1.01016
2.8792 1.01012
2.88 1.01007
2.8808 1.01003
2.8816 1.00999
2.8824 1.00994
2.8832 1.0099
2.884 1.00985
2.8848 1.00981
2.8856 1.00976
2.8864 1.00972
2.8872 1.00967
2.888 1.00963
2.8888 1.00959
2.8896 1.00954
2.8904 1.00951
2.8912 1.00947
2.892 1.00943
2.8928 1.0094
2.8936 1.00937
2.8944 1.00934
2.8952 1.00931
2.896 1.00928
2.8968 1.00925
2.8976 1.00923
2.8984 1.00921
2.8992 1.00918
2.9 1.00916
2.9008 1.00914
2.9016 1.00912
2.9024 1.0091
2.9032 1.00909
2.904 1.00907
2.9048 1.00905
2.9056 1.00904
2.9064 1.00902
2.9072 1.00901
2.908 1.009
2.9088 1.00899
2.9096 1.00898
2.9104 1.00897
2.9112 1.00896
2.912 1.00896
2.9128 1.00895
2.9136 1.00895
2.9144 1.00895
2.9152 1.00895
2.916 1.00896
2.9168 1.00897
2.9176 1.00898
2.9184 1.00899
2.9192 1.009
2.92 1.00902
2.9208 1.00903
2.9216 1.00905
2.9224 1.00908
2.9232 1.0091
2.924 1.00913
2.9248 1.00915
2.9256 1.00918
2.9264 1.00921
2.9272 1.00924
2.928 1.00927
2.9288 1.0093
2.9296 1.00933
2.9304 1.00937
2.9312 1.0094
2.932 1.00944
2.9328 1.00948
2.9336 1.00952
2.9344 1.00956
2.9352 1.0096
2.936 1.00964
2.9368 1.00968
2.9376 1.00973
2.9384 1.00977
2.9392 1.00981
2.94 1.00986
2.9408 1.00991
2.9416 1.00995
2.9424 1.01
2.9432 1.01005
2.944 1.0101
2.9448 1.01015
2.9456 1.01019
2.9464 1.01024
2.9472 1.01028
2.948 1.01033
2.9488 1.01037
2.9496 1.01041
2.9504 1.01045
2.9512 1.01049
2.952 1.01053
2.9528 1.01057
2.9536 1.01061
2.9544 1.01065
2.9552 1.01069
2.956 1.01073
2.9568 1.01077
2.9576 1.01081
2.9584 1.01085
2.9592 1.01089
2.96 1.01093
2.9608 1.01097
2.9616 1.011
2.9624 1.01104
2.9632 1.01108
2.964 1.01111
2.9648 1.01115
2.9656 1.01118
2.9664 1.01121
2.9672 1.01124
2.968 1.01127
2.9688 1.0113
2.9696 1.01132
2.9704 1.01135
2.9712 1.01137
2.972 1.01139
2.9728 1.01141
2.9736 1.01143
2.9744 1.01144
2.9752 1.01146
2.976 1.01147
2.9768 1.01149
2.9776 1.0115
2.9784 1.01151
2.9792 1.01152
2.98 1.01153
2.9808 1.01154
2.9816 1.01154
2.9824 1.01155
2.9832 1.01155
2.984 1.01156
2.9848 1.01156
2.9856 1.01156
2.9864 1.01155
2.9872 1.01155
2.988 1.01154
2.9888 1.01153
2.9896 1.01152
2.9904 1.0115
2.9912 1.01148
2.992 1.01146
2.9928 1.01144
2.9936 1.01141
2.9944 1.01138
2.9952 1.01135
2.996 1.01132
2.9968 1.01129
2.9976 1.01126
2.9984 1.01122
2.9992 1.01119
3 1.01115
